u_dpto,u_mpio,cod_mpio,hacinamiento,sin_cocina,sin_agua_cocina
05,001,05001,.055033751,.070744656,.023782598
05,002,05002,.059467919,.048904538,.02903739
05,004,05004,.05050505,.067340069,.034482758
05,021,05021,.04884005,.075702079,.01242236
05,030,05030,.054413825,.064719625,.04825291
05,031,05031,.06405694,.094027951,.026389956
05,034,05034,.062050216,.090865463,.051277902
05,036,05036,.069405101,.14447592,.044052862
05,038,05038,.070847854,.13821138,.055489965
05,040,05040,.10651408,.11140466,.1091154
05,042,05042,.10672076,.13708539,.0070169126
05,044,05044,.10107527,.14623655,.011111111
05,045,05045,.15104343,.31158632,.032800645
05,051,05051,.15490647,.28543308,.050898202
05,055,05055,.063055061,.060390763,.12522686
05,059,05059,.023608768,.062711865,.0034782609
05,079,05079,.048895027,.078910999,.09450458
05,086,05086,.085148513,.045544554,.028282829
05,088,05088,.056222104,.087130532,.066419452
05,091,05091,.082251079,.10476191,.0090252711
05,093,05093,.090717301,.090781137,.043602575
05,101,05101,.072202168,.19803371,.042195823
05,107,05107,.10520362,.17081448,.11177885
05,113,05113,.18237083,.23896499,.014218009
05,120,05120,.23636363,.18181819,.094945356
05,125,05125,.10740741,.12825279,.037807185
05,129,05129,.044517934,.17993996,.16096486
05,134,05134,.083333336,.054292928,.014066496
05,138,05138,.078773305,.12868311,.21593674
05,142,05142,.054450262,.041884817,.054852322
05,145,05145,.062585033,.03809524,.0082987556
05,147,05147,.15290123,.15294705,.056992725
05,148,05148,.052248802,.074935399,.0072247377
05,150,05150,.062124249,.081243731,.0030549897
05,154,05154,.18097647,.46194866,.079610296
05,172,05172,.14052583,.18402511,.089749016
05,190,05190,.056011416,.32952926,.33272991
05,197,05197,.076208182,.12546468,.096774191
05,206,05206,.056060605,.063636363,.026153846
05,209,05209,.068282828,.097373739,.032138441
05,212,05212,.038174681,.094481237,.057370558
05,234,05234,.12238494,.085863873,.054823782
05,237,05237,.046361186,.021563342,.0032617559
05,240,05240,.044594593,.072874494,.091794156
05,250,05250,.19937016,.17272286,.10904157
05,264,05264,.045508273,.12056737,.14285715
05,266,05266,.018414699,.048120938,.016828699
05,282,05282,.059343901,.048286032,.043151971
05,284,05284,.071480148,.09031792,.029713867
05,306,05306,.10518292,.088414632,.10371517
05,308,05308,.036893647,.089987472,.019673264
05,310,05310,.051217988,.041848846,.016487001
05,313,05313,.1008,.022435898,.053398058
05,315,05315,.095926411,.10394737,.022576362
05,318,05318,.042670589,.065709554,.023698451
05,321,05321,.039400667,.31908989,.0044868202
05,347,05347,.068421051,.054018445,.19485791
05,353,05353,.058970101,.20448878,.019624574
05,360,05360,.044077531,.064121142,.010527978
05,361,05361,.10222433,.076668248,.058289535
05,364,05364,.044688359,.041568626,.0059101656
05,368,05368,.048096191,.10995185,.055578426
05,376,05376,.044424701,.13261808,.0032867177
05,380,05380,.044132721,.077441983,.23941749
05,390,05390,.15937102,.24797958,.024314765
05,400,05400,.061812468,.19696176,.0018479408
05,411,05411,.047013976,.16899619,.011583012
05,425,05425,.076699026,.16407767,.035467979
05,440,05440,.063649744,.2171929,.010281999
05,467,05467,.06122449,.14150943,.015923567
05,475,05475,.083333336,.14430894,.97356826
05,480,05480,.14614429,.2108209,.16347381
05,483,05483,.06069364,.054913294,.013875124
05,490,05490,.14100185,.48344165,.18607596
05,495,05495,.2063137,.36390755,.027375625
05,501,05501,.087499999,.087499999,.025
05,541,05541,.059135508,.035799522,.012
05,543,05543,.11424332,.1231454,.085585587
05,576,05576,.059822746,.18786982,.047261816
05,579,05579,.13108546,.12402958,.013326987
05,585,05585,.08618331,.035567716,.0042223786
05,591,05591,.11934157,.08230453,.016842104
05,604,05604,.12257349,.055463117,.050809603
05,607,05607,.026195627,.039894257,.018428709
05,615,05615,.043775801,.07619331,.031183239
05,628,05628,.14179894,.23622881,.023454158
05,631,05631,.012100394,.059762668,.010289364
05,642,05642,.053105738,.053529132,.085271321
05,647,05647,.1,.080219783,.062983423
05,649,05649,.060124129,.11024845,.030350808
05,652,05652,.076836161,.07692308,.0194508
05,656,05656,.092221707,.11737308,.22126848
05,658,05658,.071932301,.062059239,.0056818184
05,659,05659,.16129032,.085260116,.81626654
05,660,05660,.069395021,.13268033,.0062808436
05,664,05664,.060277276,.12537673,.0069675855
05,665,05665,.18657719,.2132116,.023568101
05,667,05667,.068619892,.12567464,.064252339
05,670,05670,.07294552,.12142198,.006117647
05,674,05674,.064478986,.14910765,.10550725
05,679,05679,.048535563,.067224547,.0039469977
05,686,05686,.061969608,.12477789,.012304028
05,690,05690,.062709965,.081746921,.020338982
05,697,05697,.074659638,.019318016,.065198235
05,736,05736,.13842216,.084826894,.20608185
05,756,05756,.058293384,.03201687,.012582269
05,761,05761,.080241591,.088476479,.013043478
05,789,05789,.056849584,.14020537,.060260586
05,790,05790,.17254314,.13453363,.11649016
05,792,05792,.098617509,.16313364,.0084507046
05,809,05809,.053658538,.24424285,.011404134
05,819,05819,.12006579,.25657895,.021739131
05,837,05837,.13776399,.2938593,.88332176
05,842,05842,.092724681,.13694721,.029282577
05,847,05847,.095643759,.1127907,.09157005
05,854,05854,.10701755,.084136724,.081249997
05,856,05856,.048494983,.096153848,.02854744
05,858,05858,.091963217,.14314274,.0072845002
05,861,05861,.04463768,.066125289,.0076650945
05,873,05873,.10084926,.06631016,.99241602
05,885,05885,.061728396,.063548103,.010666667
05,887,05887,.068116978,.11741613,.032641307
05,890,05890,.077736892,.079189688,.00839944
05,893,05893,.15469429,.10869565,.15916955
05,895,05895,.16641679,.13321333,.1666159
08,001,08001,.13537508,.12119678,.010898718
08,078,08078,.20942689,.17048152,.068137065
08,137,08137,.26592624,.27756813,.1737726
08,141,08141,.30578512,.30589503,.087226279
08,296,08296,.18080619,.22598714,.023242828
08,372,08372,.18280871,.11565243,.036874998
08,421,08421,.25914463,.14181204,.8143608
08,433,08433,.17053485,.1753284,.053641662
08,436,08436,.23799232,.22657377,.057485323
08,520,08520,.18132176,.09214396,.026573824
08,549,08549,.20231214,.060781475,.067547724
08,558,08558,.18973042,.15026972,.090087697
08,560,08560,.27880597,.10002986,.034303214
08,573,08573,.12132743,.19424778,.045352492
08,606,08606,.2589727,.41478616,.0488909
08,634,08634,.20238096,.23829728,.024540737
08,638,08638,.1847672,.24683844,.09818422
08,675,08675,.17017978,.55658913,.093629345
08,685,08685,.17216846,.10075423,.068886004
08,758,08758,.12505352,.16650391,.015605954
08,770,08770,.30683452,.37414476,.015710631
08,832,08832,.13208556,.11871658,.07755325
08,849,08849,.14880727,.26088601,.081632651
11,001,11001,.056477934,.041925505,.0084963357
13,001,13001,.14614718,.3146427,.043245573
13,006,13006,.16264646,.58097863,.057512581
13,030,13030,.24203187,.49203187,.27897435
13,042,13042,.24653061,.24143556,.039484978
13,052,13052,.26242572,.35169214,.1471954
13,062,13062,.32832834,.35935935,.56282449
13,074,13074,.24181697,.32398129,.24517906
13,140,13140,.35790151,.35629225,.12302521
13,160,13160,.22653721,.13138686,.2848537
13,188,13188,.27741084,.41629955,.036321837
13,212,13212,.28328866,.48837209,.12744185
13,222,13222,.32980654,.36064088,.98438966
13,244,13244,.27616146,.37576172,.044697978
13,248,13248,.18437226,.44776121,.035842296
13,268,13268,.25510204,.25510204,.053455021
13,300,13300,.33795014,.52216065,.064516127
13,430,13430,.19508134,.19554169,.11763165
13,433,13433,.32647365,.63620508,.07739602
13,440,13440,.18832392,.42937854,.45790553
13,442,13442,.20787139,.21899834,.92247319
13,458,13458,.22145669,.25098425,.31185031
13,468,13468,.22845174,.4240129,.027672542
13,473,13473,.22855675,.7632255,.10215903
13,490,13490,.22727273,.23440135,.94927537
13,549,13549,.31563705,.53185326,.19715448
13,580,13580,.17399618,.42256215,.040117417
13,600,13600,.23146068,.27436283,.041925468
13,620,13620,.2554062,.55639976,.025998732
13,647,13647,.26611286,.22715554,.049689442
13,650,13650,.2675367,.41993463,.028380634
13,654,13654,.23022239,.46062705,.99585843
13,655,13655,.32300884,.44247788,.10551181
13,657,13657,.23372781,.475761,.84545851
13,667,13667,.29069105,.24628572,.27852544
13,670,13670,.2319082,.13714603,.096467905
13,673,13673,.19661734,.67864692,.9856528
13,683,13683,.17661589,.31453273,.99617106
13,688,13688,.22210599,.1521284,.10249203
13,744,13744,.24016687,.32480666,.051125988
13,760,13760,.24736664,.49303433,.085593522
13,780,13780,.29502371,.41113743,.03009828
13,810,13810,.28392485,.57440889,.68063581
13,836,13836,.16404723,.21880743,.23732372
13,838,13838,.28826779,.18069549,.84428716
13,873,13873,.25764191,.50085437,.54270566
13,894,13894,.32663316,.7638191,.053122465
15,001,15001,.04480027,.055865079,.0088510867
15,022,15022,.050847456,.050847456,.016949153
15,047,15047,.10902256,.02631579,.0568306
15,051,15051,.099378884,.021118013,.01270648
15,087,15087,.094158076,.04467354,.010496851
15,090,15090,.081081077,.46621621,.020979021
15,092,15092,.078125,.046875,.046875
15,097,15097,.11151515,.16949153,.0087719299
15,104,15104,.054054055,.088461541,.13306452
15,106,15106,.085365854,.055214725,.025157232
15,109,15109,.10526316,.070175439,.0078125
15,114,15114,.13475177,.08510638,.050000001
15,131,15131,.10344828,.12643678,.083333336
15,135,15135,.062717773,.24738675,.011070111
15,162,15162,.075728156,.025242718,.011952192
15,172,15172,.06666667,.048888888,.022727273
15,176,15176,.054818194,.049439911,.70382279
15,180,15180,.12012012,.13473053,.030395137
15,183,15183,.17797889,.17194571,.032812499
15,185,15185,.066838048,.041131105,.024725275
15,187,15187,.17449665,.073825501,.035211269
15,189,15189,.11990408,.0095923264,.01010101
15,204,15204,.11616161,.29873419,.037433155
15,212,15212,.086378738,.066445179,.030100334
15,215,15215,.11332008,.10139165,.0060120239
15,218,15218,.14367816,.05172414,.024844721
15,223,15223,.16124661,.10569106,.092753626
15,224,15224,.1509434,.070921987,.019277109
15,226,15226,.052083332,.43157893,.021505376
15,232,15232,.16831683,.059405942,.060606062
15,236,15236,.095959596,.025252525,.03125
15,238,15238,.041740961,.035876144,.033609714
15,244,15244,.17774937,.15984654,.047872342
15,248,15248,.11297071,.18828452,.028571429
15,272,15272,.068126522,.069343068,.0099132592
15,276,15276,.12201592,.14854111,.0054945056
15,293,15293,.090909094,.043062203,0
15,296,15296,.13053097,.055309735,.040449437
15,299,15299,.043266769,.03868819,.006847511
15,317,15317,.15277778,.046296295,.0046511628
15,322,15322,.051861145,.076987445,.012744265
15,325,15325,.052631579,.083732061,.0074441689
15,332,15332,.10139165,.093439363,.006355932
15,362,15362,.10747664,.065420561,.011904762
15,367,15367,.08983051,.040747028,.02972028
15,368,15368,.15974441,.19808307,.029315962
15,377,15377,.14778325,.2955665,.028871391
15,380,15380,.044692736,.10055866,.014164306
15,401,15401,.036231883,.079710148,.030075189
15,403,15403,.11790393,.063318774,.022321429
15,407,15407,.11564886,.07028266,.044311378
15,425,15425,.054495912,.15258856,.014005602
15,442,15442,.068825908,.14979757,.036199097
15,455,15455,.063096501,.094429709,.011621472
15,464,15464,.12785389,.0304414,.016923077
15,466,15466,.10787879,.07272727,.070110701
15,469,15469,.065088756,.17078826,.020610278
15,476,15476,.12234043,.031914894,.090909094
15,480,15480,.13043478,.18166189,.1011378
15,491,15491,.055908512,.037507948,.0089801159
15,494,15494,.11821086,.095846646,.029900333
15,500,15500,.19402985,.044776119,.059701491
15,507,15507,.091231175,.069973432,.061553031
15,511,15511,.11578947,.11578947,.0056818184
15,514,15514,.056277055,.04112554,.043280181
15,516,15516,.054071147,.027514232,.099311225
15,518,15518,.093841642,.055718474,.019672131
15,522,15522,.087452471,.30038023,.023346303
15,531,15531,.082738943,.27817404,.036873158
15,533,15533,.16551724,.31034482,.0071428572
15,537,15537,.076147817,.077267639,.016000001
15,542,15542,.097560972,.041078307,.010376135
15,550,15550,.17326732,.32178217,.021621622
15,572,15572,.12879777,.12667786,.031931616
15,580,15580,.11363637,.12954545,.13776723
15,599,15599,.070682734,.078037009,.020610057
15,600,15600,.13440198,.22811344,.01510989
15,621,15621,.026086956,.33913043,.075892858
15,632,15632,.099071205,.0931677,.2
15,638,15638,.1293661,.049159121,.016021362
15,646,15646,.095823094,.034398034,.030839231
15,660,15660,.083044983,.038062282,.010830325
15,664,15664,.049562681,.18950437,.14285715
15,667,15667,.091494843,.083762884,.012032085
15,673,15673,.11,.04010025,.015267176
15,676,15676,.11267605,.18309858,.029629629
15,681,15681,.09565217,.46521738,.03809524
15,686,15686,.1024735,.11896349,.084577113
15,690,15690,.10190217,.15081522,.02112676
15,693,15693,.041789941,.045118343,.047654785
15,696,15696,.1529052,.16513762,.022653721
15,720,15720,.13306452,.044354837,.0081967209
15,723,15723,.085714288,.29523811,.02
15,740,15740,.13246754,.075324677,.0052631581
15,753,15753,.077357672,.060896043,.010704728
15,755,15755,.14959016,.21106558,.015765766
15,757,15757,.11064426,.039215688,.0084985839
15,759,15759,.040736016,.026743775,.0071073789
15,761,15761,.033472802,.025104603,.021551725
15,762,15762,.065088756,.065476194,.03773585
15,763,15763,.085034013,.027210884,.013937282
15,764,15764,.19951923,.10817308,.022277229
15,774,15774,.074235804,.17467248,.022123894
15,776,15776,.13391557,.25909752,.13333334
15,778,15778,.084337346,.20883535,.029411765
15,790,15790,.10892857,.044722721,.016333938
15,798,15798,.088669948,.073891625,.0075949365
15,804,15804,.10662359,.053398058,.021487603
15,806,15806,.040143371,.028694404,.012345679
15,808,15808,.08429119,.34230769,.11952192
15,810,15810,.1637931,.17816092,.047619049
15,814,15814,.091919944,.11786509,.027777778
15,816,15816,.10084034,.071428575,.032258064
15,820,15820,.093922652,.030470913,.020172911
15,822,15822,.080882356,.11397059,.033088237
15,832,15832,.11578947,.021052632,.055555556
15,835,15835,.10714286,.17582418,.01734104
15,837,15837,.09354414,.19894598,.022038568
15,839,15839,.1,.1,.11666667
15,842,15842,.10481586,.073863633,.053412464
15,861,15861,.091767885,.029689608,.16411683
15,879,15879,.063694268,.057324842,.03846154
15,897,15897,.10591133,.054187194,.027777778
17,001,17001,.042783327,.054328196,.036955852
17,013,17013,.050280899,.030345602,.016709147
17,042,17042,.056988601,.14103526,.028056113
17,050,17050,.047975354,.068281941,.019837692
17,088,17088,.076506428,.13879485,.0083916085
17,174,17174,.055485319,.038010258,.017096473
17,272,17272,.0486692,.076045625,.028685259
17,380,17380,.10838367,.063261166,.054286711
17,388,17388,.03773585,.028301887,.0068870522
17,433,17433,.056794528,.074316293,.20595457
17,442,17442,.11143695,.07331378,.11180124
17,444,17444,.073494546,.09672831,.02128689
17,446,17446,.030075189,.022556391,.015686275
17,486,17486,.05991165,.021811154,.0067039104
17,495,17495,.091997005,.10022438,.010140406
17,513,17513,.047778711,.025157232,.049551472
17,524,17524,.076030925,.078608245,.010355987
17,541,17541,.045379538,.02310231,.034526315
17,614,17614,.056290269,.086853266,.17540842
17,616,17616,.060057886,.034008682,.012039127
17,653,17653,.054097481,.049276914,.057550013
17,662,17662,.057817999,.056812469,.032871082
17,665,17665,.074889868,.085903086,.0069444445
17,777,17777,.079535097,.1549681,.016972797
17,867,17867,.079779916,.05570839,.060844667
17,873,17873,.044613034,.051409807,.033163704
17,877,17877,.062570781,.073046431,.014244186
18,001,18001,.11212517,.18975839,.047550846
18,029,18029,.1389271,.21685083,.0098039219
18,094,18094,.10874704,.11489362,.020732883
18,150,18150,.17469352,.33003518,.086560361
18,205,18205,.18858132,.22202998,.071985602
18,247,18247,.12542994,.25860485,.10187604
18,256,18256,.13078532,.28434888,.028217481
18,410,18410,.13881747,.16452442,.0577957
18,460,18460,.15730338,.13202247,.059171598
18,479,18479,.15271659,.082232013,.025222551
18,592,18592,.1393601,.2538693,.027363738
18,610,18610,.1528029,.35352623,.051356588
18,753,18753,.14906448,.23894216,.039357431
18,756,18756,.15026455,.21951219,.20403321
18,785,18785,.14654379,.2829493,.13744076
18,860,18860,.12980132,.12582782,.035040431
19,001,19001,.078560062,.10632259,.03068842
19,022,19022,.13451327,.11408199,.08269231
19,050,19050,.13469827,.25837839,.067567565
19,075,19075,.14540541,.25351351,.17439911
19,100,19100,.11143187,.090646654,.10623145
19,110,19110,.09259259,.125,.03773585
19,130,19130,.085714288,.092989989,.074561402
19,137,19137,.11453745,.32058823,.19515885
19,142,19142,.1040872,.1640327,.1036036
19,212,19212,.12403644,.18555738,.013034034
19,256,19256,.10909091,.13062099,.0839779
19,290,19290,.12643678,.17471264,.014888338
19,300,19300,.096269004,.071362801,.019149929
19,318,19318,.10849673,.042920701,.99097425
19,355,19355,.067873307,.2090909,.15313224
19,364,19364,.07962963,.081481479,.19656488
19,392,19392,.16883117,.54471546,.049916804
19,397,19397,.074418604,.12790698,.32857144
19,418,19418,.11214953,.063670412,.89101338
19,450,19450,.13535258,.19839016,.024260068
19,455,19455,.077430263,.081670612,.0064791134
19,473,19473,.11965812,.19444445,.094871797
19,513,19513,.081349209,.10912699,.012768817
19,517,19517,.10907424,.08615949,.82403028
19,532,19532,.12489862,.2623682,.03484913
19,533,19533,.15915494,.1915493,.04109589
19,548,19548,.1181208,.21839337,.0519774
19,573,19573,.082747713,.080720246,.080024928
19,585,19585,.20186335,.043545879,.30559999
19,622,19622,.11597938,.51030928,.056000002
19,693,19693,.16733068,.20318726,.093457945
19,698,19698,.078703411,.12036327,.050377015
19,701,19701,.11392405,.25738397,.072398193
19,743,19743,.09261658,.034974094,.14351246
19,760,19760,.15765765,.090090089,.046875
19,780,19780,.13740103,.30367956,.15285714
19,785,19785,.12939002,.48613679,.10040161
19,807,19807,.13431543,.18959913,.075624578
19,809,19809,.143093,.14151983,.99162012
19,821,19821,.078431375,.072392635,.15774648
19,824,19824,.22736418,.23895583,.3140496
19,845,19845,.087011881,.092105262,.77509695
20,001,20001,.18912762,.24971399,.058040597
20,011,20011,.21686566,.4010559,.048534304
20,013,20013,.2621288,.31257811,.13742755
20,032,20032,.2883895,.57167178,.86968738
20,045,20045,.28373206,.52717263,.018409425
20,060,20060,.29839301,.45210084,.21309371
20,175,20175,.25852734,.39805037,.17684443
20,178,20178,.2599777,.29453734,.22857799
20,228,20228,.26260966,.36700013,.035183627
20,238,20238,.26342624,.38415775,.040720027
20,250,20250,.25951743,.36890081,.34519178
20,295,20295,.2197957,.35928145,.014249178
20,310,20310,.18159205,.1875,.074550129
20,383,20383,.18810096,.17788461,.014879107
20,400,20400,.16350333,.21717921,.066020928
20,443,20443,.23487225,.31107128,.024919244
20,517,20517,.27073672,.45667869,.10575386
20,550,20550,.24431382,.48236197,.04144806
20,570,20570,.245629,.236449,.036812473
20,614,20614,.13197279,.2128915,.029139686
20,621,20621,.25712711,.25151795,.2692681
20,710,20710,.16920529,.1354529,.006256517
20,750,20750,.22632639,.12458026,.023103448
20,770,20770,.1818963,.42722064,.032276995
20,787,20787,.26460481,.28734973,.026690392
23,001,23001,.14053322,.19199874,.028701823
23,068,23068,.22501966,.29551417,.91864181
23,079,23079,.2188329,.36251104,.3129912
23,090,23090,.21868978,.15028901,.93359762
23,162,23162,.22988057,.18599586,.047200184
23,168,23168,.13837095,.13346419,.063745022
23,182,23182,.20963173,.31568697,.03293144
23,189,23189,.23070829,.17440939,.045461822
23,300,23300,.24745581,.12332439,.03113053
23,350,23350,.23989654,.38732621,.9355818
23,417,23417,.18911983,.14879003,.066167705
23,419,23419,.24526516,.19412878,.7470817
23,464,23464,.19535437,.37581894,.078843229
23,466,23466,.18220504,.22761936,.26965526
23,500,23500,.20349154,.34006551,.5371716
23,555,23555,.19122978,.26167729,.96114576
23,570,23570,.17289402,.17363235,.018556701
23,574,23574,.25673249,.32405746,.9276557
23,580,23580,.17174302,.13850486,.031578947
23,586,23586,.25456205,.41468978,.04403409
23,660,23660,.19674407,.13824011,.31262565
23,670,23670,.26563063,.22949043,.95579904
23,672,23672,.2156049,.42190418,.18817204
23,675,23675,.18441851,.2996988,.067428574
23,678,23678,.22229965,.34494773,.074152544
23,682,23682,.28382838,.22192867,.3172226
23,686,23686,.2237597,.22578467,.050130937
23,807,23807,.23562202,.28176501,.52271694
23,815,23815,.23099704,.45853898,.22250639
23,855,23855,.21102957,.1830516,.026544623
25,001,25001,.083407804,.12183497,.019071056
25,019,25019,.081314877,.065857887,.073741004
25,035,25035,.10583768,.22839506,.25074479
25,040,25040,.091194965,.11083123,.020792723
25,053,25053,.09774965,.17522871,.027879678
25,086,25086,.13986014,.26573426,.022900764
25,095,25095,.053892214,.059880238,.03846154
25,099,25099,.10080475,.019059721,.010679197
25,120,25120,.1525,.067500003,.012953368
25,123,25123,.076576576,.13653414,.017871018
25,126,25126,.049640611,.024262847,.005894355
25,148,25148,.068767905,.14231136,.020588236
25,151,25151,.072852761,.049846627,.03160359
25,154,25154,.11440678,.042372882,.0072674421
25,168,25168,.062130179,.25443786,.03058104
25,175,25175,.049676519,.079537034,.0086174384
25,178,25178,.1042654,.035545025,.017241379
25,181,25181,.068133429,.16548295,.015306123
25,183,25183,.10614702,.035499208,.011312217
25,200,25200,.07475438,.043571122,.0047271163
25,214,25214,.086233929,.16473354,.12380192
25,224,25224,.11830986,.031073445,.022727273
25,245,25245,.067696266,.065155804,.038133334
25,258,25258,.073863633,.085227273,.040229887
25,260,25260,.15014827,.20621292,.0026716958
25,269,25269,.067330383,.024887489,.0075914082
25,279,25279,.055172414,.029448621,.011508951
25,281,25281,.095127612,.048723899,.0023640662
25,286,25286,.060326423,.025697554,.0045730644
25,288,25288,.090909094,.018181818,.036363635
25,290,25290,.0486378,.08000686,.019151334
25,293,25293,.065454543,.26363635,.021739131
25,295,25295,.10237709,.092162162,.12620027
25,297,25297,.052238807,.034854773,.0087260036
25,299,25299,.066390045,.012448133,.062240664
25,307,25307,.086963132,.11341148,.0061562997
25,312,25312,.099827886,.087779693,.010638298
25,317,25317,.1460041,.039446723,.017372422
25,320,25320,.062365126,.053097345,.049675543
25,322,25322,.074910209,.016418677,.017313747
25,324,25324,.17381489,.40180588,.018957347
25,326,25326,.059379216,.086486489,.15083799
25,328,25328,.064999998,.1027569,.020356234
25,335,25335,.077294685,.030546624,.036608864
25,339,25339,.15555556,.125,.019886363
25,368,25368,.16013072,.11074919,.080267556
25,372,25372,.053639848,.065134101,.074509807
25,377,25377,.033356499,.10753187,.023195267
25,386,25386,.068526678,.12473469,.08677195
25,394,25394,.044895004,.016654598,.56041515
25,398,25398,.069060773,.088642657,.06122449
25,402,25402,.066428207,.10832907,.021409921
25,407,25407,.11267605,.04225352,.0067039104
25,426,25426,.11551724,.11724138,.083778962
25,430,25430,.077790029,.072780736,.005316007
25,436,25436,.057471264,.1637931,.0090909088
25,438,25438,.13865547,.088421054,.015026296
25,473,25473,.058324341,.032061819,.0079160258
25,483,25483,.11785095,.20103987,.0017793594
25,486,25486,.081315666,.020566728,.011932079
25,488,25488,.078393884,.10047847,.059959348
25,489,25489,.05319149,.36170211,.015209125
25,491,25491,.071528755,.27910239,.061377246
25,506,25506,.075688072,.12183908,.025943397
25,513,25513,.064403065,.054983571,.043214045
25,518,25518,.11428571,.10285714,.078787878
25,524,25524,.11111111,.20408164,.021531101
25,530,25530,.20380434,.10970081,.075670496
25,535,25535,.12786885,.090809628,.12700228
25,572,25572,.11427796,.12486428,.024305556
25,580,25580,.047393367,.13744076,.044117648
25,592,25592,.048275862,.061643835,.027972028
25,594,25594,.091533184,.31578946,.030805686
25,596,25596,.11284047,.16862746,.055319149
25,599,25599,.13622975,.14138439,.039543726
25,612,25612,.092265412,.24303101,.0099601597
25,645,25645,.080996886,.050000001,.037854891
25,649,25649,.069408737,.048027445,.0089047197
25,653,25653,.03846154,.1201923,.014778325
25,658,25658,.067649029,.093770929,.01904762
25,662,25662,.040039063,.04509804,.010934394
25,718,25718,.090000004,.068888888,.014908257
25,736,25736,.057957683,.11223551,.055451129
25,740,25740,.076913215,.055156492,.031554345
25,743,25743,.085012086,.20064464,.058168318
25,745,25745,.09082853,.031471632,.025927581
25,754,25754,.064497158,.045650717,.087801926
25,758,25758,.053857353,.023657871,.063138351
25,769,25769,.044105172,.019932145,.004327131
25,772,25772,.11050583,.017120622,.0027515723
25,777,25777,.067434214,.097039476,.0067001674
25,779,25779,.077598825,.057017542,.030837005
25,781,25781,.081771724,.032367975,.0034364262
25,785,25785,.041992188,.04592086,.061500002
25,793,25793,.12806539,.079019077,.013850415
25,797,25797,.084070794,.093333334,.031818181
25,799,25799,.068941012,.032728568,.011199422
25,805,25805,.083333336,.12254902,.036082473
25,807,25807,.057692308,.10576923,.044117648
25,815,25815,.11772853,.20193906,.025200458
25,817,25817,.10728043,.025082,.0040520369
25,823,25823,.097560972,.10162602,.13080169
25,839,25839,.093484417,.048295453,.48843929
25,841,25841,.060686015,.27440634,.0054794522
25,843,25843,.069181718,.034666099,.0094919642
25,845,25845,.17540984,.1442623,.0078878179
25,851,25851,.095688745,.090431124,.013513514
25,862,25862,.097674422,.048837211,.03846154
25,867,25867,.07155963,.088073395,.013861386
25,871,25871,.080357142,.25,.057971016
25,873,25873,.12238806,.07014925,.065917224
25,875,25875,.08650957,.18775705,.023413025
25,878,25878,.12696335,.16961361,.036476254
25,885,25885,.054933876,.1027467,.070759624
25,898,25898,.10218978,.082926832,.0125
25,899,25899,.052239697,.021176048,.0070197829
27,001,27001,.075504586,.37724698,.84130514
27,006,27006,.12939453,.27223852,.3757515
27,025,27025,.15748031,.14809783,.39247313
27,050,27050,.055831265,.38709676,.6299113
27,073,27073,.087804876,.23471883,.64807934
27,075,27075,.14667459,.25771973,.15045871
27,077,27077,.081130356,.064781025,.29384756
27,099,27099,.10662824,.11527377,.68545991
27,135,27135,.079323798,.069190599,.76058203
27,150,27150,.13443831,.34942085,.97533208
27,160,27160,.019144144,.020338982,.94880545
27,205,27205,.063563734,.037873521,.76385963
27,245,27245,.057483733,.37852496,.076404497
27,250,27250,.125,.33064517,.62
27,361,27361,.080089346,.15783595,.99598008
27,372,27372,.18300654,.16629712,.15022421
27,413,27413,.11458334,.090625003,.96822035
27,425,27425,.049844235,.037854891,.96116507
27,430,27430,.1053719,.51239669,.98064518
27,450,27450,.05497076,.23040935,.99059927
27,491,27491,.071038254,.40801457,.64766353
27,495,27495,.12543555,.41197184,.14181818
27,580,27580,.11853448,.058189657,.10412148
27,600,27600,.035168197,.030769231,.6872111
27,615,27615,.13921468,.29464978,.99499339
27,660,27660,.12009238,.060185187,.018779343
27,745,27745,.053921569,.14070351,.68229169
27,787,27787,.048406493,.15905654,.9265331
27,800,27800,.165231,.18681319,.29967949
27,810,27810,.09529148,.15677492,.98726851
41,001,41001,.074555524,.14357328,.02437079
41,006,41006,.14941742,.16929404,.050977655
41,013,41013,.10791789,.37749121,.019127317
41,016,41016,.15446371,.37347463,.037655532
41,020,41020,.13962691,.13623516,.053794708
41,026,41026,.10882016,.10767469,.0083333338
41,078,41078,.11817441,.22394137,.0074441689
41,132,41132,.15030086,.29376361,.07747142
41,206,41206,.096402876,.27625901,.010494753
41,244,41244,.081632651,.2590909,.013888889
41,298,41298,.08564505,.14337067,.037837368
41,306,41306,.098445594,.20135966,.024204245
41,319,41319,.11477339,.23588236,.013261001
41,349,41349,.14819005,.37895927,.037015617
41,357,41357,.12918109,.46136102,.018691588
41,359,41359,.12904786,.15708071,.031266019
41,378,41378,.13998744,.11809045,.090909094
41,396,41396,.12702246,.20140062,.037079219
41,483,41483,.11802854,.1387808,.029294275
41,503,41503,.12303291,.13018598,.020260492
41,518,41518,.084916204,.39441341,.011655011
41,524,41524,.12444094,.20031588,.024804529
41,530,41530,.14862385,.23345588,.022813689
41,548,41548,.096153848,.084818244,.032665182
41,551,41551,.089148812,.18744795,.019501133
41,615,41615,.09214092,.22119816,.018197088
41,660,41660,.15346535,.50990099,.05479452
41,668,41668,.12139918,.15418275,.073377483
41,676,41676,.13679245,.21580188,.047559448
41,770,41770,.11557093,.11141869,.01447178
41,791,41791,.10173549,.23053892,.017912291
41,797,41797,.13652483,.19633353,.014492754
41,799,41799,.17303954,.31862426,.014666666
41,801,41801,.1323642,.081866868,.015588464
41,807,41807,.13515624,.2236122,.012908431
41,872,41872,.20578034,.3815029,.011306533
41,885,41885,.073309243,.29514962,.0042485395
44,001,44001,.21885815,.30001408,.15477364
44,035,44035,.21912616,.33660278,.52666354
44,078,44078,.25650644,.27971864,.26181385
44,090,44090,.24808575,.20536399,.17453963
44,098,44098,.21202916,.39489672,.041772153
44,110,44110,.27362895,.24504083,.11042567
44,279,44279,.21868767,.23227975,.20585664
44,378,44378,.24732143,.27039903,.26335403
44,420,44420,.20701754,.32105264,.0054446459
44,430,44430,.28137758,.34853873,.49200365
44,560,44560,.33541927,.48058456,.97888839
44,650,44650,.22766504,.29781771,.12849365
44,847,44847,.3492139,.47473785,.77294922
44,855,44855,.22070014,.21841705,.036096785
44,874,44874,.22409505,.29064789,.038249046
47,001,47001,.1970415,.2763862,.253681
47,030,47030,.2966654,.38420245,.040109035
47,053,47053,.25916719,.31955239,.045195956
47,058,47058,.29952922,.26226935,.44325525
47,161,47161,.29793105,.49103448,.031406138
47,170,47170,.21626298,.48241061,.95465183
47,189,47189,.30218357,.24649221,.15050101
47,205,47205,.18307427,.44338807,.90983605
47,245,47245,.22764441,.30841616,.38809761
47,258,47258,.17784877,.56846029,.074115045
47,268,47268,.32029271,.20427687,.029880479
47,288,47288,.22905841,.26923078,.069009043
47,318,47318,.21336874,.21362229,.026564611
47,460,47460,.31049562,.43002915,.99044263
47,541,47541,.16779432,.3112314,.11277174
47,545,47545,.32575756,.55429292,.039784223
47,551,47551,.2367411,.32117933,.29058909
47,555,47555,.24920936,.51616985,.043241486
47,570,47570,.24569139,.63326651,.87797743
47,605,47605,.24391507,.28549224,.0046850597
47,660,47660,.27366447,.45173383,.028462999
47,675,47675,.22284263,.37189245,.026737968
47,692,47692,.25851581,.69160587,.050617285
47,703,47703,.29274613,.31865284,.1027027
47,707,47707,.24845055,.25026968,.048888888
47,720,47720,.20122324,.35801715,.52657914
47,745,47745,.26913372,.29576674,.10267349
47,798,47798,.31769961,.44444445,.057258531
47,960,47960,.30890054,.47329843,.98711061
47,980,47980,.25192145,.26985481,.14570685
50,001,50001,.064978436,.10902196,.1392476
50,006,50006,.072073407,.10299052,.04097357
50,110,50110,.17173253,.19072948,.058121018
50,124,50124,.12286325,.20213903,.12556054
50,150,50150,.093023255,.1445905,.038357645
50,223,50223,.071819842,.099390246,.088785045
50,226,50226,.08144705,.19644301,.047048938
50,245,50245,.055555556,.06666667,.083333336
50,251,50251,.23156802,.23156802,.10770855
50,270,50270,.11177645,.52495009,.041753653
50,287,50287,.11507583,.15439536,.11010916
50,313,50313,.0873226,.10902733,.74388665
50,318,50318,.098569155,.15198728,.092944369
50,325,50325,.16927083,.13411458,.16526611
50,330,50330,.13838989,.21038616,.019270474
50,350,50350,.1335849,.32905659,.3197442
50,370,50370,.14203455,.16890594,.03245436
50,400,50400,.094585776,.26044387,.0229265
50,450,50450,.13207547,.11680144,.18138196
50,568,50568,.18710493,.19901915,.44482884
50,573,50573,.1461551,.20552845,.1313045
50,577,50577,.16284233,.28444445,.4887335
50,590,50590,.15358195,.23416789,.54202127
50,606,50606,.0784759,.222811,.010966058
50,680,50680,.13614522,.171123,.14872365
50,683,50683,.13609073,.18278852,.14996447
50,686,50686,.18660288,.23444976,.046632126
50,689,50689,.074146338,.15696162,.022491055
50,711,50711,.13247508,.21719269,.16629314
52,001,52001,.087123878,.096305341,.038149975
52,019,52019,.12537917,.12323232,.05088266
52,022,52022,.17777778,.032323234,.030549899
52,036,52036,.14269535,.086167797,.016908212
52,051,52051,.22921914,.15404041,.17711172
52,079,52079,.15928678,.042624962,.89647782
52,083,52083,.2235702,.099826388,.06166983
52,110,52110,.13552454,.068499327,.023463164
52,203,52203,.063324541,.081794195,.022222223
52,207,52207,.16752577,.24097939,.042407662
52,210,52210,.21174005,.071278825,.038216561
52,215,52215,.24156791,.094804011,.033771105
52,224,52224,.21668473,.07692308,.061202187
52,227,52227,.14914645,.037303369,.17079766
52,233,52233,.12341198,.041742288,.028462999
52,240,52240,.17004341,.081041969,.02023988
52,250,52250,.14995034,.060545906,.65979898
52,254,52254,.10067114,.042505592,.019184653
52,256,52256,.16023739,.25816023,.034865294
52,258,52258,.15454546,.19672132,.044859812
52,260,52260,.15252472,.17325702,.069613263
52,287,52287,.22788204,.080572963,.019038985
52,317,52317,.15789473,.067299396,.055555556
52,320,52320,.14294404,.079123557,.011074918
52,323,52323,.1701521,.078897342,.073288329
52,352,52352,.30538172,.22778474,.07914573
52,354,52354,.12997347,.03183024,.073170729
52,356,52356,.12114557,.06745474,.011672976
52,378,52378,.14068165,.043557167,.030560929
52,381,52381,.23314607,.026685392,.043971632
52,385,52385,.11842106,.077302635,.0096711796
52,390,52390,.12734585,.60321718,.9986468
52,399,52399,.15230279,.21578467,.049314409
52,405,52405,.17387305,.17235023,.04473161
52,411,52411,.11918951,.047732696,.046391752
52,418,52418,.14615385,.090972707,.07444524
52,427,52427,.21957672,.12121212,.9815951
52,435,52435,.12224939,.044009779,.14321607
52,473,52473,.05058651,.077826723,.99479556
52,480,52480,.21612903,.060215052,.061403509
52,490,52490,.14857341,.28531665,.96494991
52,506,52506,.16712329,.18767123,.017241379
52,520,52520,.10510949,.40218979,.56226695
52,540,52540,.1615566,.22931442,.024453025
52,560,52560,.15736766,.05007153,.036873158
52,565,52565,.14700855,.1369863,.12072072
52,573,52573,.19855885,.04883907,.10210697
52,585,52585,.16306695,.12432432,.012021858
52,612,52612,.11456103,.16167024,.23551637
52,621,52621,.1291866,.10929853,.65403622
52,678,52678,.11095815,.17974126,.16337626
52,683,52683,.11935666,.14334086,.018669778
52,685,52685,.171123,.13778256,.059284117
52,687,52687,.17391305,.068601586,.1584022
52,693,52693,.11949216,.16666667,.011904762
52,694,52694,.14576271,.11525424,.031690139
52,696,52696,.10856574,.048902195,.94188374
52,699,52699,.29206964,.059961315,.057768926
52,720,52720,.26946107,.089820363,.016161617
52,786,52786,.12416357,.10698365,.029526029
52,788,52788,.19002123,.082802549,.012087912
52,835,52835,.10700963,.18767081,.46560055
52,838,52838,.15643398,.066947013,.033723332
52,885,52885,.18570183,.21553229,.026929982
54,001,54001,.16622269,.20687304,.039547402
54,003,54003,.12916853,.30664888,.0074525746
54,051,54051,.13943028,.29385307,.058084771
54,099,54099,.07450524,.18181819,.035629455
54,109,54109,.12582782,.066225164,.12751678
54,125,54125,.2053872,.37710437,.021276595
54,128,54128,.083657585,.036964979,.035714287
54,172,54172,.14549525,.34574467,.022065584
54,174,54174,.19290124,.11959877,.022515528
54,206,54206,.18602499,.12679315,.040018834
54,223,54223,.11574952,.22011386,.22222222
54,239,54239,.20176731,.46244478,.019908117
54,245,54245,.21466666,.21733333,.044137932
54,250,54250,.3032417,.33894822,.091217652
54,261,54261,.20597546,.34316248,.012431221
54,313,54313,.022662889,.64872521,.012838801
54,344,54344,.20110193,.0661157,.025210084
54,347,54347,.20329671,.090410955,.028089888
54,377,54377,.1245283,.31886792,.10192308
54,385,54385,.20553359,.31620553,.086868688
54,398,54398,.090551183,.20472442,.015873017
54,405,54405,.13729937,.20949446,.060421236
54,418,54418,.14700855,.23076923,.033568904
54,480,54480,.13545817,.18000001,.035555556
54,498,54498,.10902003,.22716422,.016140111
54,518,54518,.072538465,.076532163,.015264093
54,520,54520,.11320755,.24213837,.035830621
54,553,54553,.26222223,.25033349,.068406843
54,599,54599,.18284994,.19924338,.13333334
54,660,54660,.16609295,.05932932,.029798422
54,670,54670,.17271157,.079584777,.045694202
54,673,54673,.16305916,.27561328,.0542522
54,680,54680,.23518519,.27407408,.001953125
54,720,54720,.16648045,.1839851,.042205323
54,743,54743,.16896552,.062068965,.014981274
54,800,54800,.18693982,.12355212,.066216215
54,810,54810,.21225999,.14076814,.1642538
54,820,54820,.12213267,.235732,.023642173
54,871,54871,.11205433,.081494056,.017152658
54,874,54874,.19139801,.19839883,.17564009
63,001,63001,.043958794,.077706493,.014327281
63,111,63111,.037117902,.072052404,.018604651
63,130,63130,.058189541,.055865329,.022009831
63,190,63190,.054312147,.04967925,.011691467
63,212,63212,.089539006,.13741134,.0036934442
63,272,63272,.052158274,.033288348,.006833713
63,302,63302,.086713284,.054583624,.011997177
63,401,63401,.075731501,.054790098,.022707231
63,470,63470,.078485407,.08249107,.020303506
63,548,63548,.055102039,.047959182,.016753927
63,594,63594,.072895795,.052236002,.0043262499
63,690,63690,.079497911,.13189113,.0089219334
66,001,66001,.039781213,.063760139,.011293725
66,045,66045,.04173531,.11916529,.023608768
66,075,66075,.04536489,.065088756,.093117408
66,088,66088,.052685685,.09868928,.0016242556
66,170,66170,.036965936,.090191506,.051485937
66,318,66318,.085470088,.18570319,.022870662
66,383,66383,.060353797,.078125,.024526199
66,400,66400,.064699732,.17576672,.0024988102
66,440,66440,.04964539,.068918921,.0055382485
66,456,66456,.061560486,.072297782,.072766572
66,572,66572,.043572985,.16993465,.014590348
66,594,66594,.071246818,.069126375,.03202077
66,682,66682,.058420502,.15479553,.023935327
66,687,66687,.037463978,.099038459,.0060060062
68,001,68001,.074857652,.068488263,.058712892
68,013,68013,.087378643,.55769229,.05319149
68,020,68020,.081632651,.045918368,.13297872
68,051,68051,.092198581,.15198864,.11259259
68,077,68077,.070654303,.19077486,.0324702
68,079,68079,.06342914,.053677931,.032388665
68,081,68081,.14832965,.17163469,.05147073
68,092,68092,.0990991,.10135135,.056818184
68,101,68101,.08858268,.14990138,.059183672
68,121,68121,.12096774,.13709678,.35772356
68,132,68132,.088967972,.085409254,.015267176
68,147,68147,.11036789,.10041841,.013876843
68,152,68152,.17596567,.2,.017857144
68,160,68160,.064102568,.083333336,.021739131
68,162,68162,.1515435,.27340823,.069391638
68,167,68167,.053711791,.050262239,.0058061634
68,169,68169,.072340429,.093617022,.012765957
68,176,68176,.12915128,.044280443,.045977011
68,179,68179,.079999998,.10666667,.018691588
68,190,68190,.10861244,.16279626,.026959561
68,207,68207,.16699411,.11897738,.11967546
68,209,68209,.10447761,.069651738,.020304568
68,211,68211,.051881995,.035605289,.090010978
68,217,68217,.068825908,.056680162,.016597511
68,229,68229,.098163843,.15737474,.0093256813
68,235,68235,.1310212,.072254337,.024363233
68,245,68245,.056034483,.043103449,.22119816
68,250,68250,.11607143,.27927929,.093457945
68,255,68255,.18319492,.15835777,.19671315
68,264,68264,.099415205,.064327486,.025
68,266,68266,.14385965,.15087719,.010752688
68,271,68271,.11363637,.038636364,.027972028
68,276,68276,.051415551,.057722233,.037033349
68,296,68296,.091549292,.1971831,.017857144
68,298,68298,.1048035,.091703057,.014705882
68,307,68307,.088130563,.093306288,.12199584
68,318,68318,.14,.162,.0080160322
68,320,68320,.059245959,.13464992,.020109689
68,322,68322,.12121212,.080808081,.02259887
68,324,68324,.062841527,.038356163,.065281898
68,327,68327,.082778305,.096098952,.023904383
68,344,68344,.10300429,.34763947,.0090090092
68,368,68368,.091954023,.088122606,.020833334
68,370,68370,.23333333,.16666667,.06666667
68,377,68377,.065891474,.079457365,.031372551
68,385,68385,.10363636,.22363636,.12835822
68,397,68397,.056603774,.10943396,.032258064
68,406,68406,.11926872,.087133311,.051688269
68,418,68418,.13529412,.20784314,.27422681
68,425,68425,.18103448,.21052632,.039999999
68,432,68432,.079458073,.068510719,.0095918747
68,444,68444,.093275487,.030368764,.038288288
68,464,68464,.09234412,.18878357,.022453889
68,468,68468,.15246637,.071748883,.036866359
68,498,68498,.077777781,.09259259,.027131783
68,500,68500,.06403622,.080310881,.013614704
68,502,68502,.09662921,.16179775,.056872036
68,522,68522,.090909094,.096969694,.006289308
68,524,68524,.092741936,.084677421,.0041322312
68,533,68533,.090673573,.059431523,.0080428952
68,547,68547,.071649402,.074419565,.023600526
68,549,68549,.10091743,.12883435,.018987341
68,572,68572,.052748471,.078333333,.043905258
68,573,68573,.16216215,.11802854,.032388665
68,575,68575,.16946661,.10350619,.045346577
68,615,68615,.088114753,.096923076,.011739595
68,655,68655,.1734989,.1343309,.091247343
68,669,68669,.094810382,.053892214,.020181635
68,673,68673,.023255814,.034883723,.21176471
68,679,68679,.061798774,.13045324,.015262362
68,682,68682,.10357143,.13214286,.045454547
68,684,68684,.11619718,.095070422,.018248174
68,686,68686,.10572688,.15486726,.15765765
68,689,68689,.08017198,.058436632,.029947916
68,705,68705,.044444446,.1,.035714287
68,720,68720,.095940962,.17037037,.036866359
68,745,68745,.06110283,.14157973,.0060790274
68,755,68755,.044232778,.060566507,.0084700184
68,770,68770,.065459609,.050139274,.11449275
68,773,68773,.05820106,.069148935,.125
68,780,68780,.12944984,.051779937,.066445179
68,820,68820,.065656565,.035353534,.020833334
68,855,68855,.08842653,.062418725,.0079681277
68,861,68861,.047743965,.042804621,.033190578
68,867,68867,.079646021,.18061674,.10958904
68,872,68872,.10406616,.11716058,.057705842
68,895,68895,.055752661,.065415822,.0015527951
70,001,70001,.17220125,.20652574,.036393765
70,110,70110,.24590164,.26195899,.10551107
70,124,70124,.25212464,.34090909,.052631579
70,204,70204,.22233202,.57566768,.018163471
70,215,70215,.17466252,.1936288,.0086784735
70,221,70221,.19358367,.45003647,.91237724
70,230,70230,.27443105,.42168674,.067142859
70,233,70233,.32621691,.70094258,.049769584
70,235,70235,.27862811,.28218946,.097429767
70,265,70265,.21989247,.30951101,.96509695
70,400,70400,.20382953,.23191094,.05076142
70,418,70418,.21455939,.21175343,.013536379
70,429,70429,.18414129,.36828259,.19076689
70,473,70473,.24696016,.30649894,.026124196
70,508,70508,.23286016,.35015106,.048104491
70,523,70523,.24161074,.630597,.21536025
70,670,70670,.30837148,.2775597,.030513646
70,678,70678,.18891537,.3353222,.035474006
70,702,70702,.2093145,.34293193,.046045505
70,708,70708,.24748446,.30046365,.051326614
70,713,70713,.21783182,.35366842,.41473424
70,717,70717,.22134963,.4425371,.023451593
70,742,70742,.28082737,.13271801,.039395928
70,771,70771,.16195121,.50195122,.044117648
70,820,70820,.2501744,.22648619,.3067371
70,823,70823,.19178082,.16303672,.17302799
73,001,73001,.058535866,.099301241,.082028754
73,024,73024,.086021505,.26267281,.017322835
73,026,73026,.11460259,.1284658,.099521533
73,030,73030,.17914979,.23734818,.0097772954
73,043,73043,.066810347,.077586204,.026548672
73,055,73055,.11596639,.094149292,.0058399173
73,067,73067,.19362898,.33166772,.49132949
73,124,73124,.10119841,.11625583,.051182494
73,148,73148,.11753801,.094955489,.0091150776
73,152,73152,.078202993,.086666666,.012048192
73,168,73168,.11557897,.20040856,.016524343
73,200,73200,.17352416,.26118067,.067150638
73,217,73217,.15015244,.27459955,.081440873
73,226,73226,.092105262,.40047961,.049689442
73,236,73236,.11049724,.090047397,.017031631
73,268,73268,.093134001,.14638852,.010172877
73,270,73270,.078152753,.12099644,.015209125
73,275,73275,.11359151,.25120237,.0071491282
73,283,73283,.076704003,.14299278,.042944785
73,319,73319,.17150907,.1421776,.042739727
73,347,73347,.044058744,.077436581,.011049724
73,349,73349,.10995638,.085248426,.025899854
73,352,73352,.095779218,.16545013,.029259896
73,408,73408,.11349693,.11347207,.0069553512
73,411,73411,.053276572,.038709678,.025363276
73,443,73443,.084620267,.16239949,.050955415
73,449,73449,.086216412,.33624816,.047798868
73,461,73461,.11557789,.070588239,.023569023
73,483,73483,.18691589,.37709388,.02359418
73,504,73504,.20581943,.23620026,.02172949
73,520,73520,.10665362,.13111547,.036458332
73,547,73547,.10783055,.060333762,.097165994
73,555,73555,.1362773,.35996196,.10246108
73,563,73563,.12634823,.27272728,.019071311
73,585,73585,.16028368,.19181646,.0060768109
73,616,73616,.13123994,.16747183,.12447079
73,622,73622,.097072423,.052388288,.014925373
73,624,73624,.12643678,.10665881,.059710681
73,671,73671,.19571428,.3125,.5001896
73,675,73675,.16387726,.18688981,.021014493
73,678,73678,.16831683,.32597107,.017571885
73,686,73686,.1036036,.055639099,.0062695923
73,770,73770,.1378026,.13035382,.017208412
73,854,73854,.13741496,.13315217,.013888889
73,861,73861,.12572046,.069164269,.0064030131
73,870,73870,.058925476,.11101475,.03700361
73,873,73873,.093959734,.053691275,.43175489
76,001,76001,.048338324,.070400015,.013356571
76,020,76020,.079816513,.12415902,.083044983
76,036,76036,.05435396,.047959376,.0083365645
76,041,76041,.078078076,.093693696,.01570197
76,054,76054,.063372716,.047261011,.091940977
76,100,76100,.067109145,.048708487,.014074074
76,109,76109,.10519081,.21103035,.19209665
76,111,76111,.050526008,.04456979,.0029972426
76,113,76113,.048690129,.045238096,.024200054
76,122,76122,.061362188,.056029543,.010353396
76,126,76126,.076118231,.17539267,.16648106
76,130,76130,.064408258,.052833531,.032315977
76,147,76147,.044545569,.07715261,.0073577035
76,233,76233,.090479009,.14585799,.038031995
76,243,76243,.081555836,.10790464,.0094339624
76,246,76246,.055045873,.06122449,.010504202
76,248,76248,.061032865,.12227942,.0043250206
76,250,76250,.070128478,.090957731,.011441648
76,275,76275,.060331065,.049756262,.0040143491
76,306,76306,.043507818,.021421285,.0037632568
76,318,76318,.073044062,.12533513,.0042778919
76,364,76364,.046525054,.072403416,.012069654
76,377,76377,.071921185,.17374136,.016276704
76,400,76400,.071584262,.13274437,.02754363
76,403,76403,.052595392,.030261349,.01475882
76,497,76497,.083773322,.14788732,.032834731
76,520,76520,.033013199,.082987346,.0031837516
76,563,76563,.099833056,.081239045,.023131672
76,606,76606,.077362932,.10423671,.0080279233
76,616,76616,.060525145,.19323242,.029816514
76,622,76622,.047745358,.033232246,.034681343
76,670,76670,.063640408,.13935886,.0036084799
76,736,76736,.06532865,.084111214,.015598827
76,823,76823,.075555556,.12795074,.018681707
76,828,76828,.066373304,.11082569,.033397313
76,834,76834,.043381397,.047883909,.0055613676
76,845,76845,.065806448,.050322581,.087467365
76,863,76863,.04647436,.02323718,.01216545
76,869,76869,.076411963,.10958904,.013704496
76,890,76890,.08375819,.087764017,.0085311569
76,892,76892,.083912976,.1420854,.021828512
76,895,76895,.059897661,.087990366,.0065996228
81,001,81001,.1859172,.33185014,.1397821
81,065,81065,.20408654,.30235916,.16102773
81,220,81220,.17448857,.22382672,.055068836
81,300,81300,.21710742,.29836601,.16632444
81,591,81591,.14079823,.28856826,.11254396
81,736,81736,.17162134,.29009137,.0095245242
81,794,81794,.14087617,.22523628,.026120808
85,001,85001,.1037126,.22763517,.34894612
85,010,85010,.12279142,.13193287,.011314286
85,015,85015,.079545453,.16400911,.027777778
85,125,85125,.20849934,.34727755,.074759945
85,136,85136,.10824742,.16494845,.032258064
85,139,85139,.19860943,.17857143,.54753578
85,162,85162,.10446247,.22171487,.018796992
85,225,85225,.17378049,.32366413,.029363785
85,230,85230,.15958738,.098300971,.027380211
85,250,85250,.19408433,.22223622,.039187416
85,263,85263,.21514274,.34147352,.021047918
85,279,85279,.088235296,.11764706,.23958333
85,300,85300,.11848341,.178515,.013333334
85,315,85315,.094827585,.23919308,.030030031
85,325,85325,.14006515,.080260307,.022727273
85,400,85400,.19461697,.21325052,.12820514
85,410,85410,.10791522,.18451223,.011550422
85,430,85430,.17791685,.17046981,.023786869
85,440,85440,.12719056,.143566,.12084407
86,001,86001,.12151992,.17417045,.099396862
86,219,86219,.13816281,.083769634,.049639713
86,320,86320,.13479452,.2323606,.34561589
86,568,86568,.15399255,.24371481,.7859754
86,569,86569,.081675835,.12785774,.057720769
86,571,86571,.18303572,.22257653,.052878179
86,573,86573,.16234796,.28616768,.075813293
86,749,86749,.11280815,.072386056,.04886803
86,755,86755,.12280702,.14569031,.0049464139
86,757,86757,.1538025,.26958004,.98343951
86,760,86760,.23833819,.092498176,.098228663
86,865,86865,.14436063,.38610038,.69496858
86,885,86885,.15502134,.099595323,.015753586
88,001,88001,.15612356,.34514409,.911497
88,564,88564,.066050202,.27476883,.98495209
91,001,91001,.23245122,.32703766,.8138569
91,540,91540,.13918306,.29483283,.98151004
94,001,94001,.24250633,.2615301,.83314353
95,001,95001,.11244551,.3257097,.42670673
95,015,95015,.13078618,.23585598,.61942673
95,025,95025,.10083256,.25925925,.087790109
95,200,95200,.10261194,.2063197,.3312102
97,001,97001,.1549799,.16659203,.86321193
97,161,97161,.17886178,.097560972,.88
97,666,97666,.17977528,.38418078,.91666669
99,001,99001,.24098361,.33192787,.31096029
99,524,99524,.19005328,.2014218,.1384106
99,624,99624,.17514125,.27824858,.072868221
99,773,99773,.15222222,.38709676,.34096691
