u_dpto,u_mpio,cod_mpio,nbi,miseria,viv_inadecuada,serv_inadecuados,hacinamiento_crtc,h_inasistencia_5a14,depend_econ
05,001,05001,.065449886,.0048180334,.0026596296,.0018381232,.015451186,.035589051,.015281972
05,002,05002,.08681903,.0031622825,.0028855866,.010698279,.012128212,.017105075,.0472905
05,004,05004,.055084746,.0042372881,.0098870052,.0070621469,.0056497175,.016949153,.01977401
05,021,05021,.050112866,.0022573364,.0022706629,.00045599634,.013193812,.020767495,.015801355
05,030,05030,.094383053,.005985267,.0012366672,.0035623016,.014306705,.054404542,.027010435
05,031,05031,.12468977,.010868635,.0069881803,.016328294,.023930885,.029781772,.061788619
05,034,05034,.099202417,.0087577542,.0015470468,.015578223,.02587923,.034040555,.033779908
05,036,05036,.12297571,.012145749,.020897044,.0020449897,.029606942,.02479757,.06022267
05,038,05038,.11228366,.0050654286,.0046433094,.009758167,.016956337,.024060786,.062051497
05,040,05040,.20198722,.046699788,.024463093,.061898608,.046668582,.048687011,.082895674
05,042,05042,.10722566,.010175168,.014007069,.0019682457,.044310436,.026339516,.032521896
05,044,05044,.10593221,.022881355,.0025423728,.0025466892,.040677965,.01440678,.068644069
05,045,05045,.1235255,.015324961,.021246906,.0025174581,.038740709,.041051727,.037805926
05,051,05051,.26696455,.058921333,.17757204,.011137712,.043949176,.02618726,.073989399
05,055,05055,.13402407,.014371658,.0023545241,.053238384,.012108981,.033088237,.048462566
05,059,05059,.10007358,.0022075055,.004415011,.001493652,.0029717681,.0080941869,.085356884
05,079,05079,.064043745,.0039390149,.0026084122,.016845543,.0096122436,.020853607,.018768247
05,086,05086,.10486891,.0068664169,.00062421971,.01891551,.017478153,.020599252,.054307114
05,088,05088,.062944278,.006048081,.0052703344,.0081778523,.013415293,.031710681,.011753531
05,091,05091,.10058823,.011764706,.0017647059,.0038507108,.032666273,.033529412,.040588234
05,093,05093,.14149368,.02266762,.0064857076,.024843222,.031317756,.039608683,.062514916
05,101,05101,.10459287,.012125729,.0018637399,.0072770114,.018788423,.033396557,.056902859
05,107,05107,.18933225,.03257329,.014657981,.062371768,.031862747,.030944625,.088762216
05,113,05113,.15049019,.016666668,.0068863747,.00049309665,.10034432,.0377451,.02254902
05,120,05120,.34194529,.10866261,.18582048,.036294173,.080297537,.058510639,.11607143
05,125,05125,.12913907,.013907284,.015925679,.0047522062,.057588074,.019867551,.046357617
05,129,05129,.054663111,.0028290842,.00058591843,.0016339602,.0099452194,.031380072,.014373049
05,134,05134,.11662426,.012298558,.00042844901,.0077352813,.022298457,.025021205,.073791347
05,138,05138,.084575027,.0086044073,.0063371356,.0092983935,.024962978,.018258132,.035466947
05,142,05142,.10397053,.014326648,.0024681201,.028877888,.026737968,.028653296,.03356529
05,145,05145,.057553958,0,.0015416238,.0015479876,.0093119508,.0041109971,.041109968
05,147,05147,.17840435,.032684285,.052669849,.00906354,.040644486,.069983564,.044695918
05,148,05148,.053192459,.0040380121,.0002128889,.0021046209,.01183666,.031028934,.012387285
05,150,05150,.058667675,.00037850114,.0022909509,.0047021941,.008183944,.0098410295,.034443602
05,154,05154,.19176129,.039135233,.088897586,.0072065471,.049215212,.045754183,.047018781
05,172,05172,.17726931,.031969063,.047401104,.0070917401,.039605878,.054484908,.067611985
05,190,05190,.12923317,.017646296,.0037721123,.05111111,.028902486,.027247956,.038666148
05,197,05197,.10308415,.0038551793,.0011812352,.0081369728,.031721797,.020784445,.045591686
05,206,05206,.055806089,.0045095826,0,.0092592593,.012062034,.011837655,.027621195
05,209,05209,.14961787,.015726043,.0030864198,.017541274,.028689127,.024544386,.095385067
05,212,05212,.037200708,.0021693716,.0016907668,.0014422064,.0058722938,.019492207,.01136108
05,234,05234,.16661035,.041906048,.04389637,.018872214,.058796871,.029063873,.070406668
05,237,05237,.054923218,.0021680216,.000090702946,.0011849421,.006171159,.038211383,.011472448
05,240,05240,.049618322,.01308615,.015942825,.0061315498,.013835086,.0070883315,.022355506
05,250,05250,.24040152,.054312561,.10689948,.016187418,.042744081,.074760035,.069183454
05,264,05264,.05613143,.0013690593,.0037342766,.0045320196,.0055063912,.03363974,.010170154
05,266,05266,.028451214,.00073988939,.00030216569,.00042311923,.0036586758,.018102627,.0067329938
05,282,05282,.094893344,.0094376216,.0035115099,.021148825,.022262726,.023012282,.037491921
05,284,05284,.096080132,.011128972,.010445163,.0093516214,.022045087,.027698776,.043155681
05,306,05306,.12796976,.014578833,.016198704,.014602488,.045896329,.05723542,.0086393086
05,308,05308,.032134362,.001100735,.00068110123,.00072100654,.0059224693,.017185669,.0088058803
05,310,05310,.045049272,.0023463164,.00047180938,.0028415818,.0061349692,.015016424,.0229939
05,313,05313,.11158959,.031829245,.011982774,.056861259,.027322404,.038007863,.036697246
05,315,05315,.081920907,.0080037666,.0018832391,.010973282,.022846263,.011299435,.043314502
05,318,05318,.031616464,.0017245343,.00017295053,.0016264885,.0093560498,.011956772,.010289722
05,321,05321,.035953335,.00019124115,.00019201229,.00077294686,.0026902382,.025435073,.0070759226
05,347,05347,.079807691,.0057692309,.0052884617,.014464802,.017307693,.0062500001,.042307694
05,353,05353,.10263397,.013926733,0,.0081967209,.02940285,.018770814,.06509234
05,360,05360,.039913304,.0024378083,.00066825858,.00058098801,.011824757,.020896709,.008585142
05,361,05361,.17340954,.029478118,.025896415,.014735227,.038768005,.042412393,.087682359
05,364,05364,.067450322,.0046179681,.00042438818,.0016975527,.016430594,.0302267,.023509655
05,368,05368,.070826791,.0035698987,.00058702671,.0047274339,.015569918,.014850779,.039268885
05,376,05376,.042753555,.0020496955,.00058415765,.0014289629,.0066674463,.023397466,.01332302
05,380,05380,.043134697,.0011853023,.00060921483,.002046671,.010766738,.02123237,.0099805882
05,390,05390,.13931406,.017431973,.0063775512,.0015607264,.071185477,.032454647,.04648526
05,400,05400,.059488732,0,.00055745797,0,.01398322,.029067453,.015927371
05,411,05411,.049321268,0,.0031717264,.0022665458,.0095194923,.007239819,.027149322
05,425,05425,.085493103,.0097610233,.0010107816,.0030622662,.029005058,.025580613,.036687985
05,440,05440,.051192869,.0031352569,.00071040128,.00041784442,.016453741,.027727429,.0091608288
05,467,05467,.073377803,0,.0024257125,.004255319,.012750455,.029714979,.024257125
05,475,05475,.92460066,.13354632,.005111821,.92954105,0,.072843447,.063258789
05,480,05480,.28055668,.097821705,.063597821,.15847988,.084057383,.056474384,.091972567
05,483,05483,.10601093,.015300547,.00072966074,.0018389113,.030303031,.035701275,.052823316
05,490,05490,.20943093,.032374825,.10396139,.015226379,.03897281,.037804142,.048662778
05,495,05495,.44367552,.16301422,.35615698,.12111154,.054600138,.063129567,.066282198
05,501,05501,.11891892,.0054054055,.0054054055,.010810811,0,.054054055,.054054055
05,541,05541,.051340301,.003452976,.00090909092,.00073066034,.0078252954,.033439346,.01190368
05,543,05543,.16045845,.014326648,.015384615,0,.05671642,.040592168,.064469911
05,576,05576,.14630944,.018124508,.0036774364,.046597827,.010287523,.030995535,.07512477
05,579,05579,.13040298,.023345314,.03116129,.0064411191,.040692978,.041347284,.039025478
05,585,05585,.14971751,.0089881867,.0023316061,.0020806242,.012720665,.079096042,.062917307
05,591,05591,.1241403,.0089408532,.0091164093,.0052594668,.037868164,.027510317,.057083905
05,604,05604,.17182161,.040550262,.045135766,.016278442,.03524546,.057363782,.067074269
05,607,05607,.045025833,.0030345281,.00032865006,.00082406262,.0072344625,.02534241,.014352498
05,615,05615,.049094405,.0033693505,.00081618904,.00049489475,.00937845,.03317713,.0088300221
05,628,05628,.16173913,.028173912,.011558669,.013689014,.053333335,.06052174,.058782607
05,631,05631,.014335026,.00048496606,.0003001458,.000072200084,.0013326837,.0086010154,.0045215953
05,642,05642,.12555441,.0032412147,.00086073333,.020351846,.01516457,.036847491,.0559536
05,647,05647,.2159642,.016784782,.010443864,.028539242,.050599702,.11898545,.026855651
05,649,05649,.094090976,.0075102737,.0019931663,.0068866573,.026552463,.021397194,.047328893
05,652,05652,.13100617,.0065708421,.0024752475,.016928159,.010726073,.019712526,.087885007
05,656,05656,.10571604,.015365704,.0086074397,.0080098584,.047597043,.027197296,.029809466
05,658,05658,.067171238,.0070955534,.0004730369,.00094607379,.021316912,.014191107,.037842952
05,659,05659,.31053743,.077747583,.19655797,.058521096,.015702853,.058725845,.070350245
05,660,05660,.081386589,.0069329315,.00015119444,.00090854027,.022833813,.033006784,.034061793
05,664,05664,.045561962,.0020795916,.00047709924,.0016271056,.010140629,.022119293,.013800927
05,665,05665,.31874299,.090347923,.24827242,.010914847,.059328388,.030864198,.087141253
05,667,05667,.087425649,.0055332687,.0020810212,.013626251,.021669677,.014939826,.040807858
05,670,05670,.070790716,.0014612762,.0026092629,.0027782316,.018597065,.020133138,.028900795
05,674,05674,.041392285,.00075258705,.0013212533,.0013237519,.0069956514,.020319849,.012229539
05,679,05679,.062813587,.0040524895,.0023589542,.0020663191,.014450015,.021034349,.027692011
05,686,05686,.077209137,.0023021074,.0012781498,.0025591031,.010908647,.050233163,.014993212
05,690,05690,.060213413,.0030487804,.0054166666,.010438413,.022926219,.0087652439,.020960366
05,697,05697,.064192966,.0031817008,.0002154151,.00017258489,.014184091,.041448105,.011393929
05,736,05736,.22040595,.043240305,.036714442,.033338245,.046435412,.10772019,.05360638
05,756,05756,.077770129,.0051930174,.0024788661,.010062412,.013941941,.026403053,.030845273
05,761,05761,.078804769,.0010837591,.0079352735,.0031264655,.02870067,.019507663,.020901069
05,789,05789,.085035495,.0097059254,.0014914243,.021196632,.020746268,.013762132,.042010721
05,790,05790,.29813567,.078381598,.080268629,.041263495,.080447823,.097342327,.101071
05,792,05792,.14775889,.01854714,.0027881041,.0043491768,.034717917,.029366305,.09706337
05,809,05809,.12583272,.0093757706,.0012768131,.0020581426,.011773739,.049346164,.071305208
05,819,05819,.14588235,.028235294,.01536643,.0065088756,.083924353,.027058823,.04647059
05,837,05837,.3502726,.10435049,.10951763,.2085565,.044790246,.070588753,.047708713
05,842,05842,.11453078,.010595358,.010595358,.012201322,.035353534,.0080726538,.060544904
05,847,05847,.15316066,.034812156,.019858982,.022296986,.051539622,.04026157,.071227081
05,854,05854,.22263914,.03908693,.021888681,.028266331,.068338558,.048780486,.10787992
05,856,05856,.062597319,.0049828715,.0037570444,.017219787,.0056355665,.007474307,.033634383
05,858,05858,.16272619,.019416193,.0079249768,.0025198939,.040540539,.047549862,.090212651
05,861,05861,.063023448,.0020938024,.0029679881,.0010642827,.009127574,.016959799,.035175879
05,873,05873,.96023279,.13805367,.0055194804,.95959598,.010784314,.078887813,.072098285
05,885,05885,.12762468,.010498688,.017716536,.006892025,.013127667,.032152232,.072834648
05,887,05887,.10607475,.0092596048,.0048659951,.0079316422,.01720644,.032259271,.054848224
05,890,05890,.088582993,.011336032,.0044385996,.0077378992,.028294127,.025263159,.038056679
05,893,05893,.20998423,.042984761,.11873879,.019959869,.010134066,.049605884,.060746189
05,895,05895,.25768363,.05624155,.076805055,.043301392,.058982927,.063361876,.086074807
08,001,08001,.11213123,.017203473,.014322442,.0040998864,.038932007,.059321027,.015950086
08,078,08078,.14344765,.034043714,.047704525,.021616854,.051274516,.029812623,.036032524
08,137,08137,.37154746,.11960499,.079953879,.17001003,.048615292,.10065667,.13334002
08,141,08141,.36937499,.13285714,.039464287,.14449111,.093696915,.10642857,.17285714
08,296,08296,.15597349,.024342131,.021972328,.0074569494,.04838369,.081932046,.024686866
08,372,08372,.18215613,.031275254,.028365929,.020969963,.044164039,.072894782,.052448682
08,421,08421,.2917262,.091740496,.12253501,.082069263,.058339886,.053372391,.087667905
08,433,08433,.14775841,.027092438,.027410887,.0080611361,.043296028,.068777204,.032686461
08,436,08436,.24385199,.067111008,.034359917,.069982752,.072598726,.076649047,.079177201
08,520,08520,.19606647,.055381916,.045147758,.055956334,.048369255,.058621742,.057745084
08,549,08549,.20790251,.060192022,.043205317,.026587889,.056499261,.085302807,.07348597
08,558,08558,.13542747,.036005333,.043713417,.038435854,.028090721,.044525117,.027041042
08,560,08560,.23235011,.07074739,.071381018,.05896733,.059224162,.046203889,.093073115
08,573,08573,.092245385,.012316856,.017060367,.0074074073,.031096993,.033948779,.016628945
08,606,08606,.33439636,.1083713,.086446472,.17983682,.056527436,.056435078,.092141233
08,634,08634,.16189107,.03058124,.03469361,.013917543,.060415644,.042931356,.045839187
08,638,08638,.16179922,.041213963,.055147968,.018956311,.050575115,.043864988,.046414603
08,675,08675,.36828643,.12276215,.083759591,.23289932,.064060204,.071337231,.084033616
08,685,08685,.14865308,.037983451,.041228455,.032047998,.046421379,.04706011,.033609156
08,758,08758,.10270382,.012974394,.009753434,.0032690582,.027672723,.060942087,.01643149
08,770,08770,.18944071,.022729307,.012438479,.0069905003,.076219514,.051096197,.070067115
08,832,08832,.1771995,.031133829,.057930607,.047204968,.030284205,.019516729,.064900868
08,849,08849,.15256125,.020378619,.028396437,.025181059,.044016045,.035077952,.043095767
11,001,11001,.045657918,.0031946979,.0035774347,.00099502422,.014274196,.022708951,.0076437476
13,001,13001,.14557609,.020615404,.043478426,.007697463,.027109029,.074164271,.017148919
13,006,13006,.35354435,.11703076,.24535897,.10904196,.067743383,.030539457,.059295587
13,030,13030,.50337565,.22063193,.35079664,.1747704,.067801185,.055630568,.1452876
13,042,13042,.28004459,.071571909,.12642141,.016114593,.056591064,.061984394,.10724638
13,052,13052,.28747422,.092127025,.1152066,.087353714,.070390835,.057974245,.076983109
13,062,13062,.51825905,.24394904,.17006369,.32283464,.11953042,.071762212,.14309978
13,074,13074,.32740715,.12550607,.16581587,.099312045,.057485454,.061432846,.10121457
13,140,13140,.36325696,.14599575,.11481219,.20745058,.092729852,.054492481,.10142531
13,160,13160,.20323451,.033962265,.1083558,.019177321,.040210761,.033423182,.045552559
13,188,13188,.34232366,.13612264,.19617335,.12079139,.065619223,.052328262,.085062243
13,212,13212,.52767795,.28900072,.38485503,.23365384,.082612872,.044332616,.19745986
13,222,13222,.88965756,.34964558,.24160902,.86325955,.041531362,.074643433,.09479887
13,244,13244,.35271055,.11744349,.23670974,.064561434,.060846191,.041288257,.10032006
13,248,13248,.34815538,.13046665,.19618861,.10513447,.032037172,.024431957,.16173956
13,268,13268,.29093567,.094663739,.1494883,.062729277,.076162577,.029605264,.087719299
13,300,13300,.40197328,.14576703,.11903246,.058277298,.11960346,.11680458,.19064291
13,430,13430,.2422301,.065878242,.14215484,.029508084,.04494549,.05321284,.053553004
13,433,13433,.42670694,.16850102,.17376059,.30372548,.041809458,.034868997,.09116587
13,440,13440,.27899686,.094043888,.18432602,.10094637,.034547739,.018808777,.06708464
13,442,13442,.5356347,.22435738,.28101629,.17421724,.042935051,.24347481,.095438562
13,458,13458,.45266029,.20491132,.33206004,.25963378,.022143248,.059481584,.062755801
13,468,13468,.21719255,.065973468,.12598637,.023177469,.06567768,.040874865,.041681606
13,473,13473,.43079001,.10381499,.35432139,.027351005,.060406093,.044902094,.062795408
13,490,13490,.41949779,.16346627,.31089109,.13576494,.066430017,.03741999,.095519446
13,549,13549,.51542228,.25886422,.42087057,.24090122,.10357761,.053906024,.080714904
13,580,13580,.27496064,.062362205,.15653543,.050788645,.01829653,.052598424,.063307084
13,600,13600,.32089552,.10402533,.20375396,.10169876,.020833334,.03912257,.082315691
13,620,13620,.29483813,.098512687,.12405949,.13216476,.059709333,.023797026,.077690288
13,647,13647,.37875044,.1437522,.19016944,.16684359,.072344564,.056036003,.090540066
13,650,13650,.24172892,.066168621,.14087513,.067099564,.03731747,.019743863,.059765209
13,654,13654,.98084199,.31438547,.20910591,.97700983,.040998738,.018818509,.11654865
13,655,13655,.52735889,.25592417,.41016802,.18079096,.1777488,.040068936,.087031454
13,657,13657,.4391028,.13397382,.11116159,.30782661,.053697385,.031242907,.10537862
13,667,13667,.31144279,.10120825,.20079637,.052271757,.064920276,.043070361,.074200429
13,670,13670,.34848565,.089322656,.237039,.029546423,.046914104,.0666207,.0748422
13,673,13673,.94494385,.20655431,.11554307,.94157302,.047752809,.031460673,.068352059
13,683,13683,.72998422,.24264577,.15123692,.67087942,.01491577,.12363296,.060880754
13,688,13688,.17763469,.02616966,.039794229,.002310016,.064712845,.067166828,.031840738
13,744,13744,.19003005,.053561959,.079269372,.049964439,.052509788,.030228036,.044016264
13,760,13760,.28506836,.097816497,.13067931,.17061873,.04832837,.025474194,.020070577
13,780,13780,.26195976,.077862091,.15902342,.072327048,.047406673,.029693171,.055757176
13,810,13810,.45014662,.20755947,.32707992,.15872757,.070321426,.089116976,.097425871
13,836,13836,.099689282,.018860135,.031102251,.015738234,.020849917,.028768225,.027529713
13,838,13838,.53940803,.111573,.052819829,.46105194,.051124062,.048719656,.055703361
13,873,13873,.40360603,.16910657,.22077502,.26044756,.022786038,.028040905,.070021525
13,894,13894,.40688848,.19011481,.19206071,.22609882,.073006913,.044172019,.15362911
15,001,15001,.03621912,.0019046315,.0030524877,.0019905795,.0087380474,.013618737,.011247285
15,022,15022,.025477707,0,0,0,0,.012738854,.012738854
15,047,15047,.11450382,.014052741,.012144344,.013988459,.041050617,.035565581,.028278973
15,051,15051,.038687974,.0046257358,.0046257358,.0008410429,.0092592593,.020605551,.010933558
15,087,15087,.04439982,.0031236056,.0044622938,.0026839634,.010714286,.0071396697,.022757698
15,090,15090,.042079207,0,0,0,0,.0099009899,.032178219
15,092,15092,.060200669,.010033445,.036789298,.010033445,0,0,.023411371
15,097,15097,.093408994,.005674378,.017699115,.0035650623,.04785113,.0052378876,.025752947
15,104,15104,.077380955,.0029761905,.0089285718,.025335321,.012048192,.0074404762,.026785715
15,106,15106,.04821803,0,.0042918455,0,.012875536,.014675053,.016771488
15,109,15109,.05832148,0,.024182077,0,0,.0042674253,.029871978
15,114,15114,.13189448,.026378896,.051219512,.046913579,.037037037,0,.026378896
15,131,15131,.093617022,.012765957,.021276595,.021367522,.029787235,.029787235,.004255319
15,135,15135,.067588329,.010752688,.024577573,.0076923077,.012307692,.012288786,.021505376
15,162,15162,.035935562,0,.0024783148,0,.013011153,.004337051,.016109046
15,172,15172,.1025641,.00085470086,.0069565219,.0026109661,.026223777,.026495727,.042735044
15,176,15176,.044648211,.0026780358,.0046735094,.0015409339,.0093558282,.016411003,.016153913
15,180,15180,.12264151,.017688679,.045990568,.0083234245,.04404762,.0094339624,.033018868
15,183,15183,.23583934,.046858907,.1348078,.011695907,.10032189,.017507724,.030895984
15,185,15185,.092178769,.0083798887,.00093109871,.00096153846,.019924099,.054003723,.025139665
15,187,15187,.11702128,.0063829785,.0063829785,.0065502184,.08510638,.019148936,.0063829785
15,189,15189,.063794531,.00082850043,.00082850043,0,.01575456,.01905551,.028997514
15,204,15204,.09375,.0140625,.003125,.0032232071,.050900549,.028124999,.022656251
15,212,15212,.1,.0082191778,.0082191778,.0082191778,.0054794522,.05479452,.031506848
15,215,15215,.085695878,.0070876288,.018685566,.0025856497,.022063594,.014175258,.035438143
15,218,15218,.044989776,0,.013015185,.0086956518,.013157895,.0061349692,.0061349692
15,223,15223,.16361073,.057357781,.081335217,.040585183,.055503294,.029619182,.025858017
15,224,15224,.10652921,.032302406,.053608246,.0027567195,.064226523,.011683849,.0068728523
15,226,15226,.0079681277,0,.0079681277,0,0,0,0
15,232,15232,.12386707,.0090634441,.024169184,.0090634441,.093939394,0,.0060422961
15,236,15236,.053571429,.0097402595,.0032467532,0,.045454547,0,.014610389
15,238,15238,.033595033,.0014414345,.0026774926,.00099310663,.0063377754,.014904433,.010301452
15,244,15244,.24293528,.066089332,.14345598,.0055891941,.090824403,.020510484,.062443025
15,248,15248,.075757578,.00079744816,.023615636,0,.024429968,.010366826,.019138755
15,272,15272,.030144695,.001607717,.001607717,.0056680162,.001610306,.013263665,.0096463021
15,276,15276,.11052632,.0096491231,.04217926,.0035366933,.038938053,.000877193,.035964914
15,293,15293,.034234233,.0036036037,.0036036037,.0055350554,.012635379,.012612613,.0036036037
15,296,15296,.0666162,.0037850114,.0052990159,.0084420564,.01606733,.018925056,.021953065
15,299,15299,.04511895,.0029167805,.0060168472,.00074780331,.010838083,.016589189,.014219305
15,317,15317,.15161291,.024193548,.037037037,0,.064846419,.06935484,.0096774194
15,322,15322,.073954985,.0024498545,.015855744,.0048551294,.020465553,.017914562,.018067677
15,325,15325,.07101167,0,.017910447,.0010050251,.014925373,.020428015,.017509727
15,332,15332,.042518396,0,.015548281,0,.0073649753,0,.019623876
15,362,15362,.063848145,.0060396893,.022433132,.0017256256,.023356402,.0060396893,.016393442
15,367,15367,.070665084,.0053444179,.010688836,0,.02256532,.023752969,.019002376
15,368,15368,.11437247,.02631579,.074898787,.017782427,.043933053,.0060728746,.01417004
15,377,15377,.12662943,.012104283,.019553073,.014299333,.054003723,.0018621974,.049348231
15,380,15380,.035256412,.0042735045,.0065217391,0,.02181025,0,.011752137
15,401,15401,.030487806,0,.0030487804,0,0,0,.027439024
15,403,15403,.058121018,.0031847134,.024752475,.00082644628,.018272426,0,.019904459
15,407,15407,.08054287,.0069761542,.0047103753,.0012777919,.047758907,.028031455,.0065956367
15,425,15425,.011605415,0,0,0,0,.0096711796,.001934236
15,442,15442,.11840228,.015691869,.038516406,.0071428572,.027104137,.025677603,.035663337
15,455,15455,.047580644,.006653226,.011247444,.0049802866,.013171434,.0072580646,.018951613
15,464,15464,.12951808,.014558233,.037650604,.0080604535,.033282906,.037148595,.033132531
15,466,15466,.096261278,.012462398,.020627417,.0047332188,.035668243,.032660078,.015470563
15,469,15469,.058287468,.0036993595,.0051700682,.00091491308,.014446666,.026346657,.015338807
15,476,15476,.029649595,0,.0027972029,0,.01958042,0,.008086253
15,480,15480,.18510242,.031284917,.063554555,.039270952,.04351116,.027746741,.046554934
15,491,15491,.039692182,.0022276225,.0030376671,.00040625635,.0079139611,.018631024,.011948157
15,494,15494,.1010101,.0060606059,.012332991,.0061791968,.043254375,.04040404,.01010101
15,500,15500,.039999999,0,0,0,.015,0,.025
15,507,15507,.1093238,.019660411,.024484921,.034472421,.016432626,.022937147,.030980041
15,511,15511,.031496063,0,0,0,.0080971662,0,.023622047
15,514,15514,.072741807,.0023980816,.0064205457,.0048504448,.0056360709,.018385291,.039968025
15,516,15516,.035302632,.001809066,.0016560575,.0004682866,.011524087,.014317465,.0094588306
15,518,15518,.094257854,.0021668472,.013157895,.0055005499,.050549451,.010834237,.017334778
15,522,15522,.067088604,0,.015686275,.0039525693,.011764706,.034177214,.0025316456
15,531,15531,.09512075,.0049285362,.015771316,.010907288,.021717669,.015278462,.036471169
15,533,15533,.15801354,.0045146728,.13995485,0,.0091324197,0,.013544018
15,537,15537,.044251136,0,.0026545317,.0011411184,.019340159,.0075642965,.013615734
15,542,15542,.082405344,.0022271716,.0093541201,0,.033868093,.016926503,.024498885
15,550,15550,.21482889,.049429659,.13498099,.015384615,.047619049,.020912547,.045627378
15,572,15572,.12362852,.021599825,.03761439,.0054124203,.033459716,.028351724,.045450281
15,580,15580,.26838809,.033646323,.06807512,.05246672,.029065201,.072769955,.080594681
15,599,15599,.051964197,.0039781202,.0039236201,.0021036025,.016234616,.011188463,.023868723
15,600,15600,.07983762,.0067658997,.016252821,.0099637685,.025293587,.0180424,.01714028
15,621,15621,.086003371,.0084317029,.010434783,.010752688,.017825311,.028667791,.045531198
15,632,15632,.097560972,0,.012725345,.011664899,.044728436,.0042417818,.024390243
15,638,15638,.07915137,.0085679311,.0093839252,.00041511,.031910487,.036719706,.0097919218
15,646,15646,.073324725,.0011479409,.0017266187,.0011704463,.025164595,.026115656,.020949921
15,660,15660,.052249637,.0014513788,.017777778,0,.011851852,.0058055152,.018867925
15,664,15664,.14799154,.015856236,.023255814,.027513228,.025396826,.016913319,.075052857
15,667,15667,.11297853,.0060690944,.031969912,.0035732517,.027277406,.025676938,.033613447
15,673,15673,.079965606,.003439381,.02149613,0,.032674119,.0085984524,.020636285
15,676,15676,.080882356,0,.012254902,.0073529412,.031862747,0,.029411765
15,681,15681,.077922076,.012987013,.020558003,.0074962517,.024963289,.01010101,.028860029
15,686,15686,.10130857,.021528071,.028704094,.013947591,.039679188,.019839594,.03039257
15,690,15690,.073980875,.0035228988,.015728056,.0040671071,.018274112,.012078511,.02767992
15,693,15693,.040139109,.0049268221,.0085494854,.0014536997,.0062627438,.014055934,.014780466
15,696,15696,.10696761,.011776251,.012195121,.0050864699,.084435403,.0088321883,.015701668
15,720,15720,.10628743,0,.0045523522,0,.044891641,.017964073,.040419161
15,723,15723,.050675675,0,.0034246575,0,.027972028,.013513514,.0067567569
15,740,15740,.19175628,.0080645159,.030465949,.00089605735,.10752688,.020609319,.040322579
15,753,15753,.054180063,.0025723472,.0078048781,.0011447261,.024938876,.0093247592,.01414791
15,755,15755,.10192024,.0073855245,.019202363,0,.063515507,.012555392,.014032496
15,757,15757,.071799718,.0070854984,.013263856,.003320683,.023228252,.027869627,.011336797
15,759,15759,.040320616,.0016854879,.0023087724,.00086052821,.0062860386,.021180965,.011573683
15,761,15761,.031825796,.0016750419,0,.0067567569,0,0,.02680067
15,762,15762,.063457333,.0021881838,.017505471,.0022172949,.033259425,.0087527353,.0043763677
15,763,15763,.098676294,.0024067389,.025270758,0,.0061274511,.063778579,.0060168472
15,764,15764,.072602741,.0082191778,.019094767,0,.044585988,.010273973,.0089041097
15,774,15774,.086355783,0,.0086355787,0,.046875,0,.031088082
15,776,15776,.070571288,.0048007681,.0019203073,.0068931561,.034465779,.02256361,.01056169
15,778,15778,.057522126,.0029498525,.025796661,.0030959751,0,.005899705,.028023599
15,790,15790,.05764075,.0033512064,.014844804,0,.021650879,.012064343,.012734585
15,798,15798,.046253469,0,.020076482,0,.014354067,0,.012950972
15,804,15804,.076184765,.0095980801,.022478737,.00243309,.027946537,.0095980801,.02819436
15,806,15806,.038222648,.0019111324,.0016738402,.00071856286,.00861244,.0081223128,.021261347
15,808,15808,.050894085,0,.0082530947,0,.017906336,.011004127,.013755159
15,810,15810,.14647578,.029735683,.048458152,.023281597,.067180619,0,.037444934
15,814,15814,.088466115,.012128418,.016646849,.0011896264,.02617801,.03804994,.018787159
15,816,15816,.054365732,0,0,0,.041254126,.0065897857,.0065897857
15,820,15820,.11199207,.0079286424,.015857285,.0050251256,.060756974,.0039643212,.03468781
15,822,15822,.071521454,.011703511,.022106633,.010430248,.0052287583,.013003902,.032509752
15,832,15832,.11553785,.0079681277,.0039840639,.0079681277,.083665341,0,.027888447
15,835,15835,.086914532,.0024142927,.010243902,.0024545901,.038048781,.0062771607,.033317238
15,837,15837,.053200692,.0012975779,.011734028,0,.014782608,.0064878892,.021626297
15,839,15839,.14201184,0,.053254437,.0059171598,.083333336,0,0
15,842,15842,.090909094,.0088932803,.03063241,.0059347181,.019821605,.023715414,.019762846
15,861,15861,.068006843,.0068434561,.01589347,.00087565673,.010425717,.032506417,.015397776
15,879,15879,.075060531,.014527845,.046004843,.019370461,0,0,.024213076
15,897,15897,.090156391,.0018399263,.026465029,.001908397,.014272122,.028518859,.022079118
17,001,17001,.063204519,.014380767,.015888091,.019479975,.011190791,.022781756,.015728548
17,013,17013,.067209974,.0057526366,.0059552863,.0055745719,.013880743,.027996166,.021572387
17,042,17042,.086033642,.017518405,.016865622,.018884545,.020446198,.024450535,.03041539
17,050,17050,.056398105,.004107425,.0018957346,.0084475614,.010769718,.015007899,.024486572
17,088,17088,.094186045,.0088372091,.0049168812,.0039915475,.030671975,.017674418,.047906976
17,174,17174,.073762901,.0055547841,.0027894003,.0039688097,.01556719,.026778689,.030690182
17,272,17272,.05337565,.0049047894,.00057987822,.0026346603,.012865497,.012983266,.029428735
17,380,17380,.12918791,.023691176,.033955418,.018588148,.029563045,.039732747,.03687625
17,388,17388,.073497854,.0021459227,.0010735373,0,.01180891,.033261802,.029506437
17,433,17433,.18261898,.029756149,.011315875,.12550038,.01737535,.022343969,.041465249
17,442,17442,.14721346,.011566772,.010515247,.043157894,.036803365,.047318611,.025236594
17,444,17444,.10738726,.01438849,.0028273547,.012428978,.03431806,.023337428,.050008774
17,446,17446,.034023669,0,0,.0029985008,0,.010355029,.020710059
17,486,17486,.064091228,.0080445549,.0030354434,.0019753973,.012461897,.025371287,.029526167
17,495,17495,.10928409,.0080951173,.013417722,.0063484004,.02077001,.011889704,.065013915
17,513,17513,.11963049,.012933025,.0028324155,.036144577,.014733841,.03895304,.041416474
17,524,17524,.079736337,.0080799488,.0045103091,.0055938037,.012048192,.021263024,.046991281
17,541,17541,.051785186,.0017704337,.00015253203,.0081500849,.009475776,.01991738,.016524049
17,614,17614,.054909818,.0038935014,.0060648471,.0069631361,.018176505,.01700544,.012367592
17,616,17616,.10055132,.0094512999,.0073510106,.0091984235,.015793629,.055920187,.025203465
17,653,17653,.096128672,.018047504,.024646193,.027936202,.016021619,.021320367,.032261081
17,662,17662,.085004777,.004966571,.0017274473,.019053118,.010974201,.020821394,.037822351
17,665,17665,.038842976,.0041322312,.0024958402,.0042194091,.01676446,.0033057851,.016528925
17,777,17777,.068112902,.0071534095,.0054428116,.002883866,.020776594,.018116787,.028691392
17,867,17867,.11873747,.014028057,.0093245972,.03717754,.019691996,.022294588,.045841683
17,873,17873,.064437911,.01289493,.01375868,.017076327,.013113726,.020995591,.01737693
17,877,17877,.077968322,.0093711931,.0095648915,.0062234793,.017657556,.014337925,.042451505
18,001,18001,.14650716,.027766854,.045363624,.014902229,.044264954,.048311319,.028489091
18,029,18029,.12922767,.017667845,.037917089,.005586592,.047570851,.023220595,.035840485
18,094,18094,.24447949,.058710128,.11893886,.0033681972,.043378592,.053452507,.096214511
18,150,18150,.32243422,.096381582,.13574089,.062980033,.08794222,.10203947,.059671052
18,205,18205,.18164362,.035330262,.042626727,.024512643,.049865231,.043010753,.061635945
18,247,18247,.18117684,.041205708,.07936126,.0073305331,.042497333,.047779381,.054593556
18,256,18256,.23189335,.061530571,.11089595,.0077891732,.075954296,.053711064,.060889628
18,410,18410,.16441344,.047972091,.083733104,.014804846,.041778974,.03794156,.046663757
18,460,18460,.2014768,.049578059,.077004217,.039070752,.036958817,.035864979,.077004217
18,479,18479,.16412213,.017993458,.068157032,.0060076462,.041006014,.017993458,.055070885
18,592,18592,.24194677,.054481793,.089957133,.015840463,.045736872,.088305324,.070658267
18,610,18610,.19204862,.042385411,.096052632,.010957994,.048418973,.047642518,.04090685
18,753,18753,.223188,.05701201,.10067809,.018326091,.053669117,.070236929,.047759242
18,756,18756,.28649837,.090010978,.13198529,.070077866,.058931861,.07720454,.069520675
18,785,18785,.2197462,.055091303,.07972379,.036850393,.055922087,.061281338,.053543795
18,860,18860,.14298561,.021582734,.024036281,.0063694268,.023604177,.041816548,.069244601
19,001,19001,.0738478,.0084064994,.02857093,.0023752132,.02160977,.01837619,.012713962
19,022,19022,.24481328,.052282158,.18423237,.016088061,.048945148,.018257262,.034854773
19,050,19050,.18250951,.041402619,.089987323,.03424947,.052520119,.033798058,.022391213
19,075,19075,.29862437,.066870466,.10768937,.11147352,.052702185,.059037067,.042606037
19,100,19100,.1831315,.031654984,.12533157,.022197558,.032386869,.01848311,.024856597
19,110,19110,.10926574,.01486014,.056288477,.0096745826,.014964789,.020104894,.023601398
19,130,19130,.077630237,.0056179776,.031664964,.0071905497,0,.028089888,.016343208
19,137,19137,.15508299,.021784233,.11618943,.027685493,.016556291,.0057053943,.020746889
19,142,19142,.084137931,.015369458,.040276408,.013734076,.019002376,.010443349,.020295566
19,212,19212,.12878065,.019818529,.053068392,.0098337065,.030351438,.02141038,.0370901
19,256,19256,.14184397,.017336486,.094956659,.0071005919,.017793594,.014184397,.027186761
19,290,19290,.12182741,.0059221657,.043147206,.0076335878,.04495335,.010998308,.021150593
19,300,19300,.048017401,.0035134682,.017901957,.0070375334,.0082035828,.0085327085,.0098711727
19,318,19318,.82531959,.14235909,.0045905523,.81814128,.025524968,.071034282,.090717606
19,355,19355,.1088211,.015663644,.044517726,.048092868,.0099255582,.016488045,.013190437
19,364,19364,.10221923,.021519838,.070611969,.032952253,.010803511,.0080699399,.0073974445
19,392,19392,.35123456,.066049382,.29814816,.016059296,.067901231,.021604938,.021604938
19,397,19397,.25288463,.041346155,.17596154,.042348411,.038684718,.026923077,.030769231
19,418,19418,.63538724,.081401922,.015828151,.54415953,.036384311,.062182024,.064443186
19,450,19450,.30199331,.063150465,.24208665,.015049575,.032560609,.022931734,.060857292
19,455,19455,.070896983,.0050360919,.013339337,.0020878005,.0097563723,.02372559,.027194897
19,473,19473,.15772727,.036363635,.12,.018721461,.033759125,.014090909,.017272728
19,513,19513,.094748862,.011643835,.050684933,.0091449479,.010047956,.016666668,.020547945
19,517,19517,.10075914,.013802622,.044513457,.012869565,.022130014,.018633541,.018288475
19,532,19532,.18247561,.027833838,.1046641,.0084942086,.038306624,.020181635,.046417762
19,533,19533,.140764,.015175301,.038199894,.020408163,.021477213,.043432757,.032443747
19,548,19548,.11916316,.01686421,.062445309,.006136925,.02277614,.02298942,.024580384
19,573,19573,.094833866,.0064996919,.02074993,.00059358921,.015448486,.041939821,.022889001
19,585,19585,.14631268,.027728613,.080095634,.013813814,.044829648,.018879056,.020648967
19,622,19622,.14159292,.032448377,.08259587,.028971029,.038114343,.01179941,.025565388
19,693,19693,.21911038,.028006589,.16474465,.031404957,.031353135,.0049423394,.014827018
19,698,19698,.083909199,.011098547,.034740768,.0022135666,.019806394,.026992504,.013360137
19,701,19701,.31965813,.034188036,.27521369,.023972603,.022260275,.017094018,.017094018
19,743,19743,.069614515,.0056689344,.016561698,.019154403,.007006072,.016553288,.01723356
19,760,19760,.19778189,.014787431,.14424951,.0097465888,.048732944,.0092421444,.011090573
19,780,19780,.24773045,.065118715,.072800279,.097765364,.053633824,.090956703,.021997206
19,785,19785,.60431653,.15827338,.56474823,.10971223,.035071943,.012589928,.067446046
19,807,19807,.12405176,.016956715,.062849477,.0035163849,.041906327,.011527591,.02335267
19,809,19809,.78519475,.13334411,.007759457,.75606209,.039935328,.068530791,.065944724
19,821,19821,.1213198,.01319797,.065989845,.015744032,.018301982,.02284264,.011675127
19,824,19824,.33126456,.065942593,.1450737,.11956522,.086956523,.017843289,.031031808
19,845,19845,.097537875,.010853729,.044143356,.0042317235,.016980032,.02571387,.018720863
20,001,20001,.15859787,.03401994,.060396776,.0030007653,.051780984,.054371644,.030665757
20,011,20011,.18492484,.0462134,.078836046,.01569885,.048693035,.040133938,.060010925
20,013,20013,.28063712,.076264836,.12899925,.010688141,.08021234,.086175308,.070039555
20,032,20032,.39718673,.12702674,.25469774,.073063284,.10614525,.051218726,.072157197
20,045,20045,.26868328,.09303508,.14193097,.044325564,.087886892,.046644635,.071301475
20,060,20060,.3234117,.11361971,.20219488,.056531813,.076875247,.059360731,.083403796
20,175,20175,.31874362,.12225459,.20376794,.058637336,.09778481,.037550185,.084468238
20,178,20178,.28569689,.098824821,.16799854,.062221136,.068670578,.042136028,.077269681
20,228,20228,.30892771,.086217999,.14912033,.014477558,.080656216,.086701013,.085453227
20,238,20238,.26152468,.068251118,.10766816,.03047191,.070055686,.049461883,.097264573
20,250,20250,.31746519,.12873106,.20143884,.12177914,.055487432,.023572631,.07010562
20,295,20295,.26235509,.069798656,.1629042,.029174805,.053479854,.02733374,.071507014
20,310,20310,.14,.0128,.049553208,.011503697,.0032840723,.033599999,.056000002
20,383,20383,.22608009,.074570924,.1355297,.063573547,.022893231,.031564411,.06667982
20,400,20400,.19782913,.039985996,.092227869,.0053415401,.042207677,.065721288,.039775912
20,443,20443,.2619077,.066188298,.11261149,.011043554,.090097904,.031671409,.091673881
20,517,20517,.24155223,.066887826,.093966983,.018673485,.06292031,.035102606,.10970529
20,550,20550,.27929461,.071931317,.095131204,.015834821,.065745555,.067135893,.12499033
20,570,20570,.2972616,.083593562,.14196493,.027774423,.072637178,.078068703,.090319484
20,614,20614,.16727218,.027247956,.051922496,.014719272,.028164748,.018165303,.087042086
20,621,20621,.24348986,.076360725,.12353255,.02604278,.10103599,.036872998,.056616861
20,710,20710,.13360456,.015134255,.023328993,.00086932897,.032096889,.049091402,.045023054
20,750,20750,.19110379,.047969766,.05940498,.012423566,.084433228,.036534548,.057563718
20,770,20770,.22768879,.054831896,.10552719,.0049382718,.049836818,.059672594,.072874494
20,787,20787,.30636227,.11146551,.18448883,.093702517,.061172903,.036091991,.070337415
23,001,23001,.14324392,.026041536,.077438623,.0085584009,.024428075,.035573866,.029942278
23,068,23068,.36418593,.1003186,.28282002,.02846393,.0481642,.039089944,.092598647
23,079,23079,.29145184,.074762553,.20691994,.029200055,.023221076,.025101764,.095251016
23,090,23090,.41249999,.10182292,.33723959,.057687286,.037066039,.0093750004,.08203125
23,162,23162,.2359834,.070866831,.15411991,.027802674,.077563494,.02884767,.039969873
23,168,23168,.4880839,.15220845,.39116618,.034318399,.043215763,.054655228,.14585319
23,182,23182,.24541284,.055345032,.15125673,.019942023,.033043392,.028669724,.077881932
23,189,23189,.31243876,.079301432,.19152632,.019819658,.06191688,.053283434,.080504321
23,300,23300,.35096937,.091502085,.224316,.01758202,.098277427,.032795798,.082804859
23,350,23350,.30537847,.076322168,.14234364,.036150023,.048992135,.043728113,.13513513
23,417,23417,.29481414,.061883535,.2294132,.029406408,.028639618,.033906851,.045847874
23,419,23419,.52203584,.15240261,.46829686,.089718029,.023890786,.029854991,.080181971
23,464,23464,.33629793,.11784325,.24615528,.087839715,.031722475,.03464888,.08551047
23,466,23466,.18268165,.035076737,.11180936,.0048507932,.023830047,.027045397,.055772189
23,500,23500,.4469409,.18492913,.37314206,.17257559,.052622437,.02333218,.074662976
23,555,23555,.1999703,.052015539,.10817635,.021242276,.045673076,.026304718,.065996885
23,570,23570,.29942417,.080275491,.22784239,.01074296,.055254236,.019645479,.076775432
23,574,23574,.42875886,.17921805,.31251639,.14939186,.11008447,.037260562,.068223566
23,580,23580,.27694944,.058440447,.17896822,.021485891,.033416804,.034618679,.080205657
23,586,23586,.32623914,.094511345,.19344446,.039949536,.05255045,.033744048,.12265472
23,660,23660,.23562312,.045360189,.16136722,.011256529,.033744223,.021776736,.059602521
23,670,23670,.53798205,.26275754,.3153277,.35955533,.096125342,.036872689,.10903328
23,672,23672,.30881369,.082519725,.22020864,.050669342,.044526279,.012371272,.083054699
23,675,23675,.29522264,.096011132,.23144713,.065573767,.041652165,.029684601,.054730982
23,678,23678,.25023344,.091970123,.17647059,.062397756,.055204678,.015406162,.062791787
23,682,23682,.44294381,.15032296,.32648268,.096525855,.10179169,.045410059,.063613228
23,686,23686,.23044741,.058221962,.16966879,.022266263,.065308496,.012318419,.030563626
23,807,23807,.37021226,.11271105,.25753736,.02873967,.074996375,.061480947,.094573081
23,815,23815,.54024321,.24377534,.44195136,.17987806,.078672849,.029386219,.13274464
23,855,23855,.34765732,.069309674,.26840097,.011946933,.01909457,.033199336,.092112556
25,001,25001,.078987107,.0092926007,.022877784,.0066569839,.018081004,.015100476,.029736323
25,019,25019,.072056241,.0087873461,.0053066039,.044642858,.010613208,.010544815,.010544815
25,035,25035,.073575512,.0081135901,.015531437,.0087236864,.033239435,.017886778,.007375991
25,040,25040,.085540704,.011421628,.01181393,.0074294205,.034662046,.019198056,.027217496
25,053,25053,.10080925,.010404624,.018985761,.0017552658,.040010002,.039999999,.017109826
25,086,25086,.11235955,.011235955,.053521127,.011661808,0,.011235955,.047752809
25,095,25095,.055979643,.010178117,.020408163,.0026041667,.020460358,0,.022900764
25,099,25099,.045882352,.002745098,.0032679739,.00013087293,.018433781,.017124183,.0096732024
25,120,25120,.060469314,.0072202166,.0036166366,.0054347827,.037104074,.013537906,.01534296
25,123,25123,.084571429,.013428572,.028873643,.0094909407,.032331903,.015142857,.012285714
25,126,25126,.047098543,.0041222884,.0029930598,.00033863867,.0108396,.031392813,.0057264366
25,148,25148,.28941604,.026277373,.039556377,.0074962517,.009317928,.21897811,.046350364
25,151,25151,.10564636,.005794948,.0047126785,.015860911,.0094296578,.073848441,.010104012
25,154,25154,.093645483,.017200191,.024119634,.0038740919,.045277506,.011466794,.027233636
25,168,25168,.098457888,.0059311981,.036773428,.0084951455,.018979834,.0059311981,.034400947
25,175,25175,.039616559,.0023056243,.0017393309,.0012278005,.010832899,.020444479,.007873564
25,178,25178,.037093692,0,.0019149751,.00038299503,.016851781,.011089866,.0068833651
25,181,25181,.041068278,.0012597631,.00025393601,.0007647209,.022629036,.012093727,.0068027209
25,183,25183,.04385037,.003173382,.0015634161,.00078439061,.02201781,.014232137,.0093278196
25,200,25200,.024467245,.00065772166,.00026360882,0,.0063299485,.0089450143,.0096027358
25,214,25214,.048874598,.0045510759,.0036702708,.00074790587,.025864214,.017017066,.0066782092
25,224,25224,.08399646,.0053050397,.019503547,.013309672,.041703638,.0053050397,.0132626
25,245,25245,.058123525,.0034421715,.0025873221,.001797304,.018713916,.016227379,.022521637
25,258,25258,.17381489,.0090293456,.013544018,.011286682,.0090293456,.11060948,.038374718
25,260,25260,.095394216,.0077203745,.00058194902,0,.05010052,.043096609,.0093596317
25,269,25269,.045703854,.0034653505,.0022262847,.00094434858,.01399313,.023473913,.0088935923
25,279,25279,.045990031,.0027186226,.0027186226,0,.0047608251,.030357951,.01087449
25,281,25281,.058031961,.0075693862,.0093856659,0,.029010238,.016820857,.010933558
25,286,25286,.04844353,.0023476828,.0010292488,.00031748912,.011868595,.031016501,.0067495881
25,288,25288,.0059523811,0,.0059880242,0,0,0,0
25,290,25290,.057315219,.0030826032,.0034677419,.0027452991,.010699848,.030013425,.013787804
25,293,25293,.035760727,0,.0026613439,.0060769748,.0093271155,.0045513655,.013654096
25,295,25295,.051637731,.0017898694,.0017917936,.00053845462,.021682644,.024163237,.0056380886
25,297,25297,.05335366,.0015243902,.0019029495,.0003215434,.01436323,.031097561,.0079268292
25,299,25299,.064467765,.0044977511,.010869565,.032659408,.018750001,.0044977511,.0044977511
25,307,25307,.09450008,.0080614025,.012719536,.0011245594,.025084542,.050650589,.014203965
25,312,25312,.064673916,.0048913043,.0059815119,.00054377381,.034257747,.0081521738,.021195652
25,317,25317,.099898748,.010799865,.0054017557,.001857167,.046283785,.031724602,.025480932
25,320,25320,.067474745,.0075151515,.0095678261,.010917386,.013794223,.021575758,.021575758
25,322,25322,.034595836,.0011477291,0,0,.015260912,.016232168,.004262994
25,324,25324,.15187714,.035836179,.051325921,.017152658,.053264603,.018771332,.048634812
25,326,25326,.023540063,0,0,.00045454546,.0054495912,.015844274,.0018107741
25,328,25328,.063116372,.013806706,.0078895465,.00099601597,.012858556,.029585799,.025641026
25,335,25335,.051714119,0,0,.001754386,.024418605,.01859384,.0069726901
25,339,25339,.13072626,.013407821,.01452514,.0055928412,.062780268,.030167598,.031284917
25,368,25368,.14321926,.024081115,.044416245,.0089058522,.066242039,0,.048162229
25,372,25372,.05982906,0,.01037037,.0074074073,.028148148,.0042735045,.011396011
25,377,25377,.026607705,.00097436667,.0012072738,.0019856424,.003403676,.015140159,.005921151
25,386,25386,.042479698,.0026057449,.0050682984,.0024318763,.012639405,.017028239,.0083626229
25,394,25394,.11957119,.020340847,.05579989,.022985322,.0102323,.0093457941,.043430455
25,398,25398,.12739572,.029312288,.069898531,.051918738,.024830699,0,.021420518
25,402,25402,.062200956,.0093853511,.010314975,.0042513865,.021429891,.019874861,.016930439
25,407,25407,.044396706,.0021482278,.00035945364,.0032526201,.018705036,.0085929111,.01575367
25,426,25426,.11111111,.0076190475,.022683084,.0045395591,.074025974,.012063492,.01015873
25,430,25430,.049987096,.0026601553,.00072952581,.00056274055,.014456046,.031157564,.0059357197
25,436,25436,.05472637,.0037313432,.023631841,0,.020100502,.0037313432,.01119403
25,438,25438,.096530132,.0078267679,.01962837,.00079302141,.040886309,.013827289,.029741718
25,473,25473,.052184332,.0030900692,.00074106193,.0006583592,.010305696,.037380379,.0062116696
25,483,25483,.10347044,.010925449,.019280206,.0032175032,.011583012,.026349615,.053984575
25,486,25486,.039784435,0,.00079251861,.00015885623,.012061577,.011729276,.015057853
25,488,25488,.058845028,.0058479533,.019940916,.0044444446,.012190617,.011330409,.017178362
25,489,25489,.061688311,0,.0016233766,.008130081,.0064935065,.0048701297,.040584415
25,491,25491,.072717026,.021984216,.026750142,.014968337,.036571428,.014092446,.012401353
25,506,25506,.10540301,.0035429583,.0044326242,.00088652479,.046985816,.023914969,.033658106
25,513,25513,.076032266,.0072677899,.0094006108,.0088702524,.011042153,.030349014,.024438942
25,518,25518,.1680498,.045643155,.087318085,.033472802,.062370062,.012448133,.0186722
25,524,25524,.098753594,.012464046,.02303263,.0029239766,.059787851,.014381591,.011505273
25,530,25530,.1557377,.024004685,.015620395,.0044260845,.063735612,.06235363,.035421547
25,535,25535,.092854552,.011969532,.011969532,.010928961,.047895502,.022125499,.014508524
25,572,25572,.10796173,.0095685143,.0087320358,.0043943971,.03692897,.0180538,.05145333
25,580,25580,.057086613,.0019685039,.0059171598,.017786561,.0078895465,.0059055118,.021653544
25,592,25592,.033854168,0,.0079365084,.0053908355,0,.018229166,.0026041667
25,594,25594,.071716361,.0032232071,.0096696215,.010629599,.025785657,.016921837,.012087027
25,596,25596,.1511811,.012598425,.052215189,.0047846888,.090189874,.0094488189,.0094488189
25,599,25599,.10241821,.0099573256,.032175399,.0042771599,.035032753,.016216217,.024751067
25,612,25612,.095350407,.0053908355,.019545071,.00253464,.03170855,.029986523,.017688679
25,645,25645,.045673076,.008413462,.0060096155,0,.018050542,.0036057692,.026442308
25,649,25649,.05363268,.0015590895,.010644959,.0038058991,.01784596,.0084190834,.014655441
25,653,25653,.030418251,0,0,.0057581575,0,.011406844,.013307985
25,658,25658,.067065567,.0054849163,.0060331826,.005563986,.019904258,.025180753,.017950635
25,662,25662,.068771139,.0011273957,.0061349692,.00038669759,.0072908672,.033070274,.023299512
25,718,25718,.06818182,.0023510971,.0016515277,.0029009532,.022764901,.030172413,.014498432
25,736,25736,.031323876,.003250591,.0056179776,.0011855365,.0071090045,.014479905,.0062056738
25,740,25740,.073624834,.0039441874,.0014441047,.0014912019,.011315778,.053479791,.010051317
25,743,25743,.063031368,.0060099675,.0061746547,.0098674521,.026466696,.011140428,.015831135
25,745,25745,.043490499,.0032371569,.0069326544,.00014186409,.012314225,.010555946,.016889514
25,754,25754,.069693804,.0075670592,.01152717,.0071976264,.013252153,.037233867,.0093307281
25,758,25758,.036425956,.0014523907,.00087407493,.00094161957,.010456218,.019287748,.0064486144
25,769,25769,.040737148,.00055424694,.0011106484,.00027859033,.01043696,.020784259,.0087293889
25,772,25772,.061497699,.0041835168,.0016745743,.00069949636,.030298799,.022869892,.010179891
25,777,25777,.049723756,.0024554941,.0085942298,.0018621974,.0092879254,.018416205,.014119091
25,779,25779,.079534881,.0041860463,.01255814,.0032588455,.052582595,.0093023255,.0093023255
25,781,25781,.057266343,.0091842245,0,.0010804971,.030794166,.016207455,.018368449
25,785,25785,.026503729,.00063481985,.0014344916,0,.0095785437,.010474528,.005713379
25,793,25793,.079774372,.0016116035,.0016129032,.0040355125,.015322581,.045930702,.014504432
25,797,25797,.040707964,.007079646,.019538188,0,0,.015929203,.01238938
25,799,25799,.055257011,.0028037382,.01088738,.00058685447,.01584693,.024649533,.0061915889
25,805,25805,.081285447,.0037807184,.0075614369,.017013233,.032136105,.017013233,.011342155
25,807,25807,.077083334,.0041666669,.016806724,0,.016806724,.010416667,.037500001
25,815,25815,.10962199,.010767468,.024161389,.0059101656,.039759319,.0279496,.024513174
25,817,25817,.051370982,.0049080555,.001898527,.00052742613,.032947522,.015967542,.0057587856
25,823,25823,.10031348,.018808777,.075320512,.017656501,.020833334,0,.007836991
25,839,25839,.23169865,.023454158,.029239766,.27335301,.014705882,.022743426,.0056858566
25,841,25841,.05479452,0,0,0,.019588638,.012720156,.022504892
25,843,25843,.045330219,.0030687125,.0066338899,.0012152309,.0076230308,.0233489,.0098732486
25,845,25845,.10951328,.0088495575,.011065007,.004164353,.076348551,.0091261063,.017699115
25,851,25851,.13821138,.026957639,.07788296,.012063766,.02367628,.0094137788,.043645699
25,862,25862,.088573962,.017714791,.052631579,.0081892628,.0036363637,.019486271,.025686448
25,867,25867,.073085032,.00070274068,.015460296,.0077574048,.028129395,.0056219255,.016865777
25,871,25871,.12458472,0,.013675214,.017482517,.02233677,.034883723,.038205981
25,873,25873,.064070351,.0040829144,.0067737871,.0058525782,.035449818,.010992463,.0098932162
25,875,25875,.075150698,.0075488705,.014336918,.0014853748,.021708164,.028618107,.017407469
25,878,25878,.12614088,.025743037,.042020775,.010194405,.057264552,.013339574,.033231921
25,885,25885,.18636888,.039661147,.068925686,.030560929,.018482866,.040816326,.074701577
25,898,25898,.067896061,0,.021793798,.0025273799,.013422819,.0033528919,.026823135
25,899,25899,.036414884,.0010652037,.00092952669,.00077299663,.008678047,.019852379,.0073338803
27,001,27001,.73413557,.11198709,.012260844,.71739823,.034735207,.064711846,.045431074
27,006,27006,.34315982,.11177645,.085674807,.24388744,.03533569,.072009824,.05496699
27,025,27025,.48546314,.15280595,.11798512,.42290288,.090137854,.096010819,.044624746
27,050,27050,.32345971,.062006321,.023301737,.24980143,.0095162569,.040679306,.07898894
27,073,27073,.51280034,.088223711,.019298937,.48101267,.029797377,.03977944,.064986214
27,075,27075,.22668004,.071547978,.0092819612,.14947368,.061843026,.064694084,.051654965
27,077,27077,.43191651,.10867906,.0073317625,.39119035,.01759916,.035377957,.11147875
27,099,27099,.32536766,.066176474,.0046082949,.24792627,.014787431,.068933822,.057904411
27,135,27135,.59969205,.14973056,.050847456,.54272336,.0167576,.10969977,.062740572
27,150,27150,.70547211,.23551503,.12989922,.7022599,.036785513,.10783262,.041845493
27,160,27160,.45772496,.070288628,.0030560272,.37529773,.0017012589,.064176567,.09202037
27,205,27205,.72781622,.10520244,.031003678,.71363634,.011213372,.033144534,.066289067
27,245,27245,.079441115,.006786427,.0031961645,.015993603,.011693548,.031936128,.029540919
27,250,27250,.5662393,.1460114,.043447293,.52052784,.056213018,.09259259,.037749287
27,361,27361,.91923535,.11005974,.0058744224,.91878074,.026531598,.046690561,.052998804
27,372,27372,.38256657,.12348668,.035714287,.29622641,.09247449,.090193704,.046004843
27,413,27413,.68658537,.16189024,.0018292683,.64239633,.03471582,.082621954,.10365853
27,425,27425,.9120267,.21714923,.053452116,.91183037,.0077951001,.10356347,.080178171
27,430,27430,.95868772,.13547996,.0066828676,.95504254,.0036540804,.044349939,.094775215
27,450,27450,.87593246,.1276011,.0074597565,.85466719,.016962525,.018845702,.11032587
27,491,27491,.60394853,.11277296,.0095722405,.55898201,.01354198,.058330841,.094525874
27,495,27495,.32440478,.125,.043650795,.27207392,.050619833,.058531746,.051587302
27,580,27580,.44466403,.11396574,.088274047,.16545814,.031146454,.075098813,.24044795
27,600,27600,.38850889,.085727312,.0022799817,.27831271,.031221304,.10852713,.070223436
27,615,27615,.97533667,.15659255,.019190099,.98066562,.03927948,.061540872,.069057316
27,660,27660,.19985196,.04515174,.019985195,.011111111,.057249069,.078460403,.084381938
27,745,27745,.62270451,.050083473,0,.62478185,.007079646,.051752921,.030050084
27,787,27787,.5890013,.091755986,.013365491,.51755893,.012358185,.060903534,.094360411
27,800,27800,.34267241,.10081418,.15996169,.15293549,.036965452,.056752872,.066570878
27,810,27810,.86156464,.15102041,.044557825,.84861916,.04701874,.053401362,.07517007
41,001,41001,.08413218,.012112375,.032981738,.0018458904,.017170945,.029029688,.017069904
41,006,41006,.15136911,.019058051,.047535598,.0083443131,.039630119,.05060241,.026506023
41,013,41013,.1815111,.032000002,.077361852,.014642857,.029805461,.036622223,.062755555
41,016,41016,.14314234,.022759033,.072186626,.0072551388,.027040612,.021261729,.046316631
41,020,41020,.21879074,.06026271,.10969234,.042677402,.038643453,.051338613,.054346737
41,026,41026,.095677719,.0079731429,.031472933,.0021222411,.027084215,.016785564,.026437264
41,078,41078,.17327586,.023563219,.069921985,.007259001,.0098693762,.032183908,.081034482
41,132,41132,.14550886,.027096223,.065777667,.0054019294,.031256691,.032216769,.04378067
41,206,41206,.11397234,.019551741,.046256557,.011961723,.022423664,.0038149739,.05007153
41,244,41244,.089364842,.0044313148,.012583272,.0037091989,.020786934,.011078287,.045790251
41,298,41298,.11928851,.016182549,.045751091,.014549493,.023896651,.03614556,.01797759
41,306,41306,.11029568,.018825782,.039812148,.013053712,.023723017,.021059349,.03297171
41,319,41319,.15830265,.020926178,.087839156,.0029336985,.021339076,.039333463,.030614221
41,349,41349,.15413892,.035965748,.086624689,.0057306592,.029220778,.041674595,.031588964
41,357,41357,.15319477,.038106237,.053917766,.012029491,.065217391,.018860662,.055042341
41,359,41359,.11352418,.021388615,.047689769,.018696228,.031399768,.022375781,.018920697
41,378,41378,.15949632,.031479537,.08016789,.017284991,.030659387,.036516264,.029590767
41,396,41396,.12624149,.020027908,.055428024,.011356969,.034082819,.02581466,.024870722
41,483,41483,.14731227,.035699632,.058944765,.024471173,.058288548,.032006565,.02092737
41,503,41503,.12738854,.0063694268,.029299363,.017864738,.036093418,.021231422,.030573249
41,518,41518,.056221887,.0037481259,.021156026,.00038299503,.0060606059,.013118441,.019490255
41,524,41524,.14147501,.021641348,.071581289,.010333247,.016567945,.033777475,.037087329
41,530,41530,.15398024,.028471818,.062754214,.011682243,.041031651,.040674027,.030214991
41,548,41548,.11275199,.019690577,.038579158,.023685457,.020650368,.022503516,.030942334
41,551,41551,.089339331,.010183328,.018315429,.0039318479,.02116417,.036734693,.021390522
41,615,41615,.11675657,.016008353,.06436982,.0035072337,.016518092,.025752567,.023664521
41,660,41660,.14379802,.014270033,.028713418,.0099502485,.038695414,.046103183,.037321623
41,668,41668,.10294525,.013387498,.02535863,.0064013358,.038932148,.024651464,.021881636
41,676,41676,.13639969,.023394132,.036082473,.020758484,.04349561,.030134814,.0333069
41,770,41770,.096129835,.011235955,.026013007,.0092755072,.020050125,.032958802,.020224718
41,791,41791,.11567018,.012114107,.018171161,.0084247645,.019980412,.032043766,.049237985
41,797,41797,.093839407,.014495518,.021552546,.010550546,.02893829,.021171086,.028228113
41,799,41799,.19079837,.034216121,.077520885,.013302035,.054623488,.023583993,.06533926
41,801,41801,.085498109,.0045397226,.012439705,.0017816238,.011473738,.02370744,.041866329
41,807,41807,.098825432,.0074254083,.029802222,.0047541428,.01874236,.025111381,.029836642
41,872,41872,.16912074,.024821203,.065628946,.030123038,.029237289,.032814473,.042490534
41,885,41885,.070690766,.007585539,.016836653,.0022764227,.010869565,.016623627,.032601677
44,001,44001,.23772618,.084395103,.1236244,.033825971,.09059421,.070105501,.037968323
44,035,44035,.17559585,.058735654,.083452165,.041272864,.063711159,.046105791,.021592993
44,078,44078,.32854864,.11049442,.18101193,.11574311,.087345168,.048867624,.04644338
44,090,44090,.3269271,.15166076,.22259659,.15018067,.089986466,.073741384,.080843955
44,098,44098,.2198353,.073397778,.10944284,.019989097,.078232527,.060150377,.041532401
44,110,44110,.25051925,.043297652,.09362518,.014599712,.0800706,.038344782,.072855085
44,279,44279,.1966946,.058988363,.085502602,.018070908,.064187348,.067880936,.03476968
44,378,44378,.23072791,.068045482,.11585639,.027917415,.064932734,.065986209,.042259827
44,420,44420,.20215495,.042072859,.10056439,.014879425,.086375318,.017957928,.043612108
44,430,44430,.45793986,.18333901,.1508283,.29650542,.15133555,.088475391,.045615446
44,560,44560,.83702689,.41434264,.3194721,.76425904,.27367496,.073705181,.1185259
44,650,44650,.18461899,.053572029,.055775423,.029866291,.091602027,.044252239,.035033021
44,847,44847,.66405725,.42340398,.37642971,.5921796,.34497753,.11863949,.092725061
44,855,44855,.22255737,.042012282,.071721308,.015012421,.10093922,.042335451,.043843586
44,874,44874,.19448744,.047973566,.087650239,.023832461,.06346146,.035133213,.044000167
47,001,47001,.14622642,.029700354,.026564259,.011961448,.058077015,.063782878,.021619307
47,030,47030,.29342133,.10580347,.13251624,.10244311,.069204152,.035826523,.1069558
47,053,47053,.19783378,.053757738,.063761957,.04329906,.065611564,.03868258,.059106983
47,058,47058,.43914145,.18025525,.20039158,.2608119,.099267051,.054635588,.079158314
47,161,47161,.4404555,.19031075,.15614747,.24071208,.16763566,.043813936,.12121212
47,170,47170,.38165167,.15089513,.21953635,.17508668,.024098374,.04446828,.10980942
47,189,47189,.26909342,.083764635,.12700978,.034601711,.101049,.074024558,.045157656
47,205,47205,.40482107,.12301193,.152833,.13492462,.020070245,.042246521,.21272366
47,245,47245,.26571286,.084586613,.18255743,.060355749,.045988824,.038526926,.050532263
47,258,47258,.34624073,.13407551,.23201032,.13557133,.032596417,.03533398,.085511453
47,268,47268,.30916846,.088841505,.12689798,.039958619,.074763939,.049169734,.13846353
47,288,47288,.18519722,.041066725,.041853916,.014850589,.057466276,.06365703,.058965754
47,318,47318,.21346809,.061251827,.13608675,.024291992,.052953407,.030321481,.052362397
47,460,47460,.95916784,.50497478,.43403539,.91841489,.11401579,.063315675,.15971056
47,541,47541,.37687188,.13727121,.19966722,.095297545,.050769869,.15266223,.074043259
47,545,47545,.50418967,.23212694,.3859868,.17470852,.12914798,.0377964,.10572295
47,551,47551,.22507723,.057470702,.069148153,.067470476,.048740901,.024027852,.094248027
47,555,47555,.32249475,.10002548,.23586152,.060772195,.04440419,.038699366,.072720535
47,570,47570,.45960125,.13920951,.15786405,.33889213,.046679892,.030896584,.06086044
47,605,47605,.23756377,.066167094,.10762117,.066996329,.02872646,.040656887,.075255103
47,660,47660,.41642618,.17536071,.28984863,.082292594,.077488311,.044839069,.16115427
47,675,47675,.24956369,.053307947,.12755831,.025559613,.036406994,.021259718,.10122164
47,692,47692,.46265811,.16028418,.30601281,.046677079,.072988905,.17345348,.070525043
47,703,47703,.21836735,.051700681,.11307902,.055252388,.053169735,.018367346,.060544219
47,707,47707,.24786784,.072762199,.15707693,.022492683,.063217066,.04640799,.05455244
47,720,47720,.39861205,.11205146,.23679756,.12620865,.024394376,.030636426,.10815843
47,745,47745,.50677198,.23987961,.27276146,.21813522,.0549061,.12520692,.18404816
47,798,47798,.33581853,.1088198,.19511421,.083266996,.047991071,.03140863,.11215101
47,960,47960,.55109292,.27404371,.33142078,.32358569,.054157548,.044808742,.16174863
47,980,47980,.23421355,.06475316,.097818598,.080938146,.045559134,.04064294,.051894374
50,001,50001,.073876999,.0078302044,.014208023,.003554574,.018257597,.031771183,.015562709
50,006,50006,.065118916,.0054460061,.011197517,.0026144229,.014046118,.024298847,.019319165
50,110,50110,.15742642,.018252339,.073289901,.0025737016,.049451832,.032169748,.020762036
50,124,50124,.11318759,.013399154,.034760337,.0077319588,.011342847,.041607898,.033145275
50,150,50150,.07393565,.0056873579,.01826782,.0041125184,.013721006,.023886902,.021124471
50,223,50223,.082237579,.0049030534,.010493414,.0018190086,.019256605,.018943615,.036772899
50,226,50226,.070852451,.0061882911,.022893326,.0014670951,.012615878,.019051593,.021346128
50,245,50245,.011320755,0,.006849315,.0024038462,0,0,.003773585
50,251,50251,.2208547,.028717948,.086926043,.0063202246,.088359043,.036581196,.037264958
50,270,50270,.1051051,.0075075077,.018018018,.018839488,.031531531,.017267268,.027027028
50,287,50287,.13660794,.024186324,.049244124,.0063176895,.038906414,.035085101,.034338608
50,313,50313,.11679298,.023102913,.041380461,.012810025,.021771383,.044452563,.028600128
50,318,50318,.071571201,.0051497635,.015659485,.0029664158,.027658008,.015869679,.014608513
50,325,50325,.32374692,.1240756,.18021506,.11508621,.087893151,.11010682,.072308958
50,330,50330,.1431718,.021047479,.036873158,.0064213388,.04773622,.030837005,.044787079
50,350,50350,.25326878,.049636804,.10379685,.035079051,.061697926,.07530266,.043099273
50,370,50370,.19167523,.048304215,.14138153,.0098103331,.055880442,.04470709,.042651594
50,400,50400,.13017751,.013149244,.013207969,.00044822949,.052242152,.050405435,.028490029
50,450,50450,.19011056,.047604423,.080466829,.024074074,.054495074,.062653564,.039619166
50,568,50568,.21558799,.045161925,.097957768,.0043262057,.078036688,.065212049,.030763183
50,573,50573,.15517241,.031948883,.067281157,.0044875345,.048111487,.034317505,.037402224
50,577,50577,.23763914,.06601087,.13409267,.026343245,.060803756,.046078179,.049702305
50,590,50590,.2350705,.043877713,.14097776,.014908257,.055030935,.033264693,.047045778
50,606,50606,.050808314,.0030517981,.0064182715,.000084005376,.017330877,.020950181,.0094028376
50,680,50680,.18765722,.031695455,.076638035,.005245347,.049561698,.064061716,.029515345
50,683,50683,.14854895,.02877521,.046867039,.0082177706,.046695586,.029758977,.050418101
50,686,50686,.10194903,.0029985008,.041666668,.0049999999,.033707865,.023988007,.0059970017
50,689,50689,.10446874,.0095673874,.027608825,.0020467131,.024478042,.032089375,.028761588
50,711,50711,.25295344,.048922863,.15533845,.0061598769,.056137413,.042807505,.051007643
52,001,52001,.066695839,.0059810355,.0072851419,.0022239685,.032574445,.020178702,.011546317
52,019,52019,.21539792,.038927335,.15524718,.014756944,.046854664,.014273357,.026384084
52,022,52022,.10415293,.0059327618,.013183916,0,.042847726,.042847726,.011206328
52,036,52036,.1241206,.0060301507,.036180906,.0030150753,.065829143,.0030150753,.022613065
52,051,52051,.2521739,.027826088,.098260872,.06244503,.090829693,.017391304,.02
52,079,52079,.82466,.13581142,.018150467,.80737668,.028162511,.076337263,.062556662
52,083,52083,.11727814,.004076513,.027655562,.0015728216,.062361509,.008153026,.022264032
52,110,52110,.13420062,.016261553,.054077253,.0043500955,.059376631,.01848682,.017288599
52,203,52203,.088082902,.012435233,.041450776,.003144654,.0083073732,.024870466,.022797927
52,207,52207,.22659574,.029787235,.15106383,.0032310179,.054476809,.021276595,.029255319
52,210,52210,.37707511,.045849804,.3027668,.01027668,.087747037,.011067194,.013438735
52,215,52215,.2084424,.03632199,.11910995,.0052424641,.09701737,.01145288,.013743456
52,224,52224,.29244578,.052729994,.18062827,.0071054599,.11480927,.016080778,.029543756
52,227,52227,.071741432,.0051351758,.022202084,.001510574,.018162554,.018426219,.016613804
52,233,52233,.23160027,.031060094,.031756755,.0074677528,.047912389,.13841999,.041863605
52,240,52240,.12336754,.013526119,.026105363,.0025986298,.07083825,.015858209,.024253732
52,250,52250,.60166216,.1047428,.0068777762,.55251467,.046888445,.045708556,.074939102
52,254,52254,.055,.0041666669,.027303753,.0068434561,.013663535,.0083333338,.0041666669
52,256,52256,.36279684,.099604219,.3060686,.0085865259,.1031746,.024406333,.04287599
52,258,52258,.26048714,.059539918,.16153319,.024657534,.078767121,.044654939,.023004059
52,260,52260,.13299979,.015009381,.063021705,.0054359189,.044096135,.014592454,.021054827
52,287,52287,.35007122,.050925925,.27527887,.0068716095,.086375132,.0039173788,.034900285
52,317,52317,.16551498,.03224745,.10924646,.00032938077,.049504951,.018427115,.022046726
52,320,52320,.1360276,.0101035,.083292261,.0027120316,.027113631,.024396254,.0088713653
52,323,52323,.2051371,.027073933,.15793127,.00069420342,.05518917,.0020826103,.016660882
52,352,52352,.34299999,.068999998,.249,.023511756,.10555278,.029999999,.020500001
52,354,52354,.1632653,.019274376,.1292517,.0034013605,.01814059,.013605442,.01814059
52,356,52356,.083200611,.0073855869,.015912276,.0017095,.042856939,.021043284,.010542784
52,378,52378,.14043903,.016133297,.058683269,.0019896538,.044049356,.021158423,.033060037
52,381,52381,.36563876,.069933921,.31828195,.015418503,.072295807,.0049559469,.024779735
52,385,52385,.154146,.022324592,.10630758,.0088873086,.025017871,.01523742,.024450744
52,390,52390,.9972232,.21693857,.080180496,.99756604,.019123783,.049635544,.10968414
52,399,52399,.14627358,.020349596,.064235501,.010447101,.053030971,.022175841,.019479955
52,405,52405,.25548828,.053368662,.15404996,.014399393,.068034969,.02990159,.053747162
52,411,52411,.083376758,.012506514,.013199578,.010559662,.043640234,.011985409,.01980198
52,418,52418,.11545117,.014833127,.040296663,.0063051702,.053625379,.0088998768,.023238566
52,427,52427,.94130105,.22450832,.057034794,.92808479,.036851682,.11149773,.074281394
52,435,52435,.12971078,.010517091,.011403508,.039577838,.027192982,.044697635,.017528484
52,473,52473,.98497725,.12077486,.021562809,.98553312,.005752827,.050405219,.055346906
52,480,52480,.18352491,.025287356,.11072797,.0061302683,.043093499,.023371648,.037931036
52,490,52490,.82046217,.18309303,.0050660572,.79564655,.043046027,.11485285,.085818686
52,506,52506,.11867089,.0058016879,.087025315,0,.016922263,.011075949,.0094936704
52,520,52520,.54711819,.10896087,.0050483802,.46424806,.019206416,.06836348,.12410601
52,540,52540,.16303055,.032923441,.036096785,.0068273093,.07902126,.038080126,.049186829
52,560,52560,.099755503,.0092909532,.031403337,.0014720313,.05642787,.010757946,.0092909532
52,565,52565,.3538219,.055161543,.31520882,.045849804,.02685624,.013396375,.011820331
52,573,52573,.14652656,.02305896,.083895572,.0035408675,.056614842,.011675423,.018972563
52,585,52585,.12877411,.010731175,.047289923,.0060098344,.065233238,.013459439,.0083666788
52,612,52612,.23138928,.039829303,.039829303,.14821853,.022296015,.023707919,.047415838
52,621,52621,.63533509,.14926022,.097040907,.57466668,.028841821,.066144474,.051784161
52,678,52678,.13729246,.024393359,.055512819,.0147701,.04775966,.023371648,.02541507
52,683,52683,.14654706,.024532584,.073593073,.0040261154,.028428819,.029612018,.03674484
52,685,52685,.15218262,.017220665,.077693231,.0028583095,.049347471,.012815379,.02763316
52,687,52687,.47676769,.073232323,.42589784,.01315124,.061265822,.012626262,.044949494
52,693,52693,.068608768,.0059896545,.0068268706,.0010964912,.032328766,.020147018,.014429621
52,694,52694,.084183671,.010204081,.045918368,.019329896,.010269577,.0063775512,.012755102
52,696,52696,.91751271,.15450507,.0041243653,.9113723,.019808307,.059010152,.089784265
52,699,52699,.29967213,.053114753,.12393443,.021038791,.14819673,.024262294,.045245901
52,720,52720,.39789474,.07157895,.34175438,.0028070176,.099649124,.003508772,.028070176
52,786,52786,.13231274,.014762165,.049207218,.0054734536,.035910089,.026243849,.031164572
52,788,52788,.18681718,.027312454,.11580481,.0080116531,.047705755,.016387472,.030225784
52,835,52835,.19224751,.030005392,.0089611588,.096987456,.032783981,.048505649,.044416394
52,838,52838,.079904139,.0071311668,.019606682,.0021967583,.031472262,.018353986,.016483517
52,885,52885,.17852835,.024125453,.10645356,0,.063103862,.0072376356,.025934862
54,001,54001,.14749455,.029056249,.036942933,.0042380723,.058506321,.054617975,.028325066
54,003,54003,.17017965,.019326804,.010328028,.0026715319,.024385486,.066541277,.089564823
54,051,54051,.089898504,.0091831805,.010243902,.010794897,.011252446,.014983084,.052682456
54,099,54099,.08255814,.0089147286,.00078125001,.0059194947,.031496063,.020542637,.033333335
54,109,54109,.22115384,.024038462,.069711536,0,.045673076,0,.1298077
54,125,54125,.14464693,.018223235,.047235023,.023148147,.074884795,.010250569,.0091116177
54,128,54128,.064453125,.001953125,.011067708,.0065703024,.015665796,.014973958,.020182291
54,172,54172,.11741828,.01027873,.0080592865,.010570627,.070183612,.01981665,.020372257
54,174,54174,.19270107,.022780102,.050209206,.008147114,.081452176,.024407253,.051371455
54,206,54206,.22311571,.050020445,.07033933,.020360434,.048371583,.046067875,.10699196
54,223,54223,.17794317,.023004059,.04533153,.061433446,.042062417,.023004059,.033152908
54,239,54239,.18995434,.017808219,.027688049,.0096952906,.12142198,.010958904,.042465754
54,245,54245,.18830858,.047436513,.028433735,.038145822,.055421688,.02731193,.098227121
54,250,54250,.42337537,.15167314,.183542,.054469444,.11000492,.12839477,.15955383
54,261,54261,.17263418,.029537698,.047343895,.0046679531,.057073504,.044244494,.052994106
54,313,54313,.043290045,0,.0005740528,.0011514105,0,.024891775,.016774891
54,344,54344,.15442847,.034822103,.051752921,.011715481,.049248748,.027252082,.062831186
54,347,54347,.13351254,.0035842294,.0063348417,.0036199095,.091485508,.029569892,.0071684588
54,377,54377,.10411471,.0081047378,.010678392,.0037807184,.037712131,.023690773,.036783043
54,385,54385,.16526791,.033570044,.036797933,.040259741,.024691358,.040025823,.063912198
54,398,54398,.078838177,.011065007,.025352113,.015602837,0,.019363763,.0373444
54,405,54405,.10193047,.018428968,.020216422,.0086859604,.040911995,.037200626,.017591288
54,418,54418,.16778149,.020624302,.02686066,.016882386,.033670034,.084169455,.032887403
54,480,54480,.083333336,.0027322404,.017759563,.015172414,.034246575,.012295082,.006830601
54,498,54498,.1344302,.019839367,.027030831,.0031303819,.0223093,.043954287,.061655879
54,518,54518,.063723609,.0060220729,.0070785228,.0073242066,.018419765,.017682342,.020849328
54,520,54520,.052738335,.010141988,.0020597323,0,.042399172,0,.019269777
54,553,54553,.22313297,.050351288,.034738485,.0093725594,.078015111,.085610203,.074551135
54,599,54599,.14703833,.022996515,.011303427,.015963107,.069611311,.033101045,.044250872
54,660,54660,.15964819,.01652452,.026429342,.0089673912,.026749527,.057302773,.063699357
54,670,54670,.21511951,.044469148,.038790643,.031428572,.021677125,.076709285,.1139522
54,673,54673,.16948399,.018683273,.015569395,.012053572,.068950176,.041370105,.054715302
54,680,54680,.13118526,.001150748,.01734104,.0052325581,.033545401,.023014959,.053509783
54,720,54720,.15533248,.027849741,.02471959,.0041611916,.047323085,.050086357,.063471504
54,743,54743,.075000003,.0083333338,.0047619049,.013173653,.025,.023809524,.016666668
54,800,54800,.23701566,.040395714,.11083437,.025192143,.036139455,.037510306,.079142623
54,810,54810,.30442321,.099338099,.15042195,.05405549,.066673733,.10706031,.064509347
54,820,54820,.087704748,.0041467967,.018189421,.011754828,.024283024,.020941323,.017209206
54,871,54871,.20553781,.06709265,.096379124,.0021344717,.032481365,.034078807,.12193823
54,874,54874,.15780817,.027535008,.029967813,.0048097079,.078143746,.052876867,.023751823
63,001,63001,.065164186,.0056063626,.0090464996,.0021726913,.010217349,.032550428,.017761553
63,111,63111,.037751678,0,.0084817642,.008547009,0,.012583893,.0083892616
63,130,63130,.073883846,.0046823956,.0084164767,.0048513799,.012081161,.031451907,.022704175
63,190,63190,.070700169,.0060502561,.012264243,.0023567537,.0088200709,.027470116,.026103929
63,212,63212,.075483091,.010567633,.014880049,0,.024427481,.022041062,.026268115
63,272,63272,.047250193,.0010844307,.0031781343,.0017585931,.0095556621,.017041054,.017195972
63,302,63302,.09772557,.0059985002,.0027763755,.0073380568,.02756005,.024493877,.041989502
63,401,63401,.11062679,.011826322,.020448171,.0027784365,.019653609,.030342963,.051224869
63,470,63470,.12006994,.015197875,.014985824,.0057488754,.026751895,.042433005,.048855115
63,548,63548,.061182164,.0027652956,.0013937282,.000698324,.0083682006,.027998617,.025578983
63,594,63594,.089667879,.0059052645,.0049001132,.0016372796,.011825386,.035892282,.041462496
63,690,63690,.06807261,.0048051253,.011260054,.0034936846,.02791197,.01521623,.016550988
66,001,66001,.057624374,.0043511917,.0056976737,.0024337536,.010064934,.029521072,.014960744
66,045,66045,.065359481,.0046977126,.0043290043,.016528925,.010109346,.016748367,.022671569
66,075,66075,.061653115,.0060975607,.0076230075,.011111111,.01181376,.0067750677,.031165311
66,088,66088,.075075075,.0061880061,.0048295972,.0029295981,.016236432,.036218036,.023114024
66,170,66170,.047840763,.002007836,.002318708,.0024833533,.0062512946,.023958366,.015454911
66,318,66318,.064666472,.0099038742,.0090458123,.00058651029,.030108156,.011651617,.023303233
66,383,66383,.073750988,.0111023,.001601281,.015459724,.012484897,.040047582,.019429024
66,400,66400,.084866636,.0040187542,.0018174634,.00071244803,.0093738874,.045388281,.032031834
66,440,66440,.085657373,.0047310758,.0013748282,.0027537865,.010514458,.042206176,.033615537
66,456,66456,.087338641,.012084592,.01711289,.0030395137,.016869469,.035979126,.032683328
66,572,66572,.092606708,.015625,.0072408537,.0084517868,.022892026,.02667683,.049542684
66,594,66594,.083050095,.0065021426,.0066656792,.0038678965,.027476607,.028372986,.023348603
66,682,66682,.063943923,.0063680643,.0041109971,.0074602067,.015232722,.025570987,.018873824
66,687,66687,.076650731,.0024783148,.0021443889,.0017946877,.013252149,.024429103,.038767923
68,001,68001,.06571427,.0066845049,.0082470896,.0033696571,.018597327,.030086052,.013365157
68,013,68013,.12171052,.042763159,.0034364262,.0034965035,.041522492,.023026315,.095394738
68,020,68020,.14880952,.035714287,.030364372,.028340081,.068825908,.017857144,.041666668
68,051,68051,.11568123,.014995716,.064417176,.014096917,.0078912759,.0089974292,.038131963
68,077,68077,.092197634,.0084421933,.0082218572,.0016555551,.023429845,.040300366,.027992535
68,079,68079,.044698544,.0034650036,.012433393,.0035688793,.017487509,.0031185031,.012474013
68,081,68081,.12051973,.019108243,.050890308,.0025811594,.02809523,.034737602,.027056728
68,092,68092,.080314964,.011811024,.03510204,.01309329,.011428571,.0086614173,.029133858
68,101,68101,.07109005,.0040622884,.0034223134,0,.032213844,.010832769,.029113067
68,121,68121,.098092645,0,.039886039,.0056980057,0,.049046323,.0054495912
68,132,68132,.046403714,0,.024361949,.0011750881,.0046403711,.0081206495,.0081206495
68,147,68147,.089503422,.011299435,.020537602,.0048396853,.024169184,.0089206062,.04341362
68,152,68152,.22903226,.029032258,.053225808,.0081699351,.093699515,.019354839,.08387097
68,160,68160,.02112676,.0023474179,.0023474179,.0023640662,0,0,.018779343
68,162,68162,.14481707,.029268293,.031707317,.018354237,.055912007,.041768294,.052743904
68,167,68167,.058230039,.0027385415,.0061430451,.0005901446,.0054220399,.025799943,.023205535
68,169,68169,.067821071,0,.0043923864,0,.011816839,.024531025,.027417028
68,176,68176,.11796982,.0054869684,0,0,.041493777,.0082304524,.074074075
68,179,68179,.10627177,.013937282,.02460457,.0017574693,.021201413,.010452962,.064459927
68,190,68190,.11207116,.013299449,.016927527,.0070776842,.031090289,.030410843,.042100806
68,207,68207,.1574918,.020780168,.039008386,.01350858,.060329068,.022238426,.064163327
68,209,68209,.096240602,.030075189,.01993865,.0076923077,.055469953,.028571429,.016541352
68,211,68211,.066772655,0,.0025010421,.0016813787,.0033402923,.013116057,.046502385
68,217,68217,.050595239,.0014880953,.0029761905,.0015082957,0,0,.047619049
68,229,68229,.073847495,.0098317675,.0132626,.0035555556,.026333259,.020755954,.023159275
68,235,68235,.085370742,.014028057,.01650165,.0066225166,.038413879,.017234469,.024448898
68,245,68245,.069548875,.0037593986,.0037593986,.020833334,0,.0075187972,.041353382
68,250,68250,.15156017,.017830608,.035767511,.019431988,.058383234,.025260029,.031203566
68,255,68255,.22562674,.077994429,.12791041,.018748155,.088456437,.042222548,.044568244
68,264,68264,.065384619,0,0,.0059405942,0,.025,.034615386
68,266,68266,.060096152,.0012019231,.009615385,.0012091899,.025240384,0,.025240384
68,271,68271,.1092511,.0035242292,.013227513,.010600707,.031802122,.014977974,.042290747
68,276,68276,.047901906,.0030664175,.0065257242,.001062764,.0070081209,.025314014,.011596427
68,296,68296,.08961039,.0077922079,.027814569,.0092838192,.047682118,0,.019480519
68,298,68298,.046925567,0,.0050167223,.0052173915,0,.025889968,.011326861
68,307,68307,.076641813,.0066226171,.0066115577,.00080696732,.019410098,.044871453,.012433527
68,318,68318,.11103723,.0066489363,.015292553,0,.036715619,.043218084,.022606382
68,320,68320,.056056701,.0025773195,.010738255,.0088255266,.010745467,.0077319588,.021907216
68,322,68322,.053763442,.010752688,.016129032,.0093283579,.014897579,.010752688,.017921148
68,324,68324,.15225933,.0068762279,.11133005,.0020618557,.0041279672,.023575639,.018664047
68,327,68327,.086909093,.010181818,.02184201,.0043699928,.01459854,.017090909,.045818184
68,344,68344,.18196721,.0065573771,.10655738,0,0,.045901638,.036065575
68,368,68368,.04454685,0,.004636785,0,.010819165,.0046082949,.024577573
68,370,68370,.16666667,.041666668,.041666668,.09375,.072916664,0,.041666668
68,377,68377,.070242658,.014687101,.011523687,.014762516,.015404365,.023627074,.019795658
68,385,68385,.13652655,.014662757,.0068560233,.022615535,.033792652,.022808732,.067774519
68,397,68397,.04857143,0,.0028694405,0,.0058565154,0,.039999999
68,406,68406,.089221619,.011588555,.019152761,.0064542778,.021995571,.03609886,.018408369
68,418,68418,.18968692,.030693676,.034990791,.1426799,.014842301,.01718846,.02271332
68,425,68425,.13059701,.029850746,.029850746,0,.078358211,.037313432,.014925373
68,432,68432,.059358601,.0030320699,.0030878859,.0042362767,.022198416,.016559767,.016909622
68,444,68444,.062449958,.0072057648,.0090163937,.00082440232,.027205275,.006405124,.027221777
68,464,68464,.073980875,.0065425267,.01682815,.0020449897,.013272078,.014594867,.034474082
68,468,68468,.082258068,0,.0048387097,.008130081,.022580646,.011290323,.035483871
68,498,68498,.066147856,.0038910506,.0038910506,.0039473684,.02075227,.015564202,.025940338
68,500,68500,.047885433,.0011188185,.0069366749,.0033654924,.0069413343,.0073842024,.024390243
68,502,68502,.09259259,.013227513,.028003613,.039704524,.0072267391,.0026455026,.030864198
68,522,68522,.060324825,.0069605568,.033175357,0,.0094786733,0,.025522042
68,524,68524,.077631578,.0026315791,.0027586208,0,.013793103,.018421052,.046052631
68,533,68533,.053763442,0,.0090984283,0,.0033167496,.019851116,.021505376
68,547,68547,.051382996,.002960498,.00093413191,.0018677153,.011438011,.029784642,.010420328
68,549,68549,.057361376,.015296367,.0088757398,.0029702971,.032673266,.015296367,.021988528
68,572,68572,.035393037,.0037152914,.0082147866,.0014138558,.013731825,.0043019163,.013101291
68,573,68573,.12531328,.032581452,.020467836,.023434171,.030547306,.038847119,.047201335
68,575,68575,.27817911,.080645159,.19678664,.053767465,.038116034,.041910574,.050130777
68,615,68615,.063038178,.0042242082,.013394316,.0062541147,.0088510085,.019333875,.023233144
68,655,68655,.21016932,.050045397,.11260486,.028215365,.04550853,.043315709,.045398708
68,669,68669,.066044264,.0034578147,.01231527,.0028238615,.012711864,.01175657,.030428769
68,673,68673,.053497944,0,.0041322312,.020661157,0,0,.028806584
68,679,68679,.047422979,.0032691234,.0046302117,.0015178985,.013263935,.019966481,.01169022
68,682,68682,.073684208,.0078947367,.015789473,.0094212648,.0052700923,.011842106,.044736844
68,684,68684,.091743119,.0068807341,.015276146,0,.055229142,.014908257,.014908257
68,686,68686,.13354531,.011128776,.047694754,.0015898251,.068362482,.0047694752,.022257552
68,689,68689,.069075353,.0047324356,.016822089,.00430679,.012915636,.015926465,.025573352
68,705,68705,.13725491,0,.029411765,.0098039219,0,.049019609,.049019609
68,720,68720,.1279555,.030598054,.043175489,.019662922,.044880785,.02364395,.027816411
68,745,68745,.067456231,.0015447992,.0021097045,.0037573806,.0058541778,.012358394,.045829043
68,755,68755,.038617048,.0022279066,.0023191094,.0017113031,.00660305,.016503012,.014440135
68,770,68770,.11532125,.018121911,.054779205,.016816143,.011204482,.02306425,.030203186
68,773,68773,.07066381,.012847966,.030172413,.0064935065,.0086580086,.025695931,.017130621
68,780,68780,.191796,.025498891,.025498891,.0044345898,.050167225,.09201774,.045454547
68,820,68820,.068136275,0,0,0,0,.014028057,.054108217
68,855,68855,.079775766,.0038809832,.00086244073,0,.020319931,.025442,.037084952
68,861,68861,.083144106,.0045414846,.020345783,.0022970904,.013111303,.033624455,.022794759
68,867,68867,.12146892,.028248588,.012711864,.058571428,.027298851,.012711864,.040960453
68,872,68872,.072183497,.011693276,.034055028,.0022675737,.015790662,.015516078,.017539915
68,895,68895,.049193952,.0016619578,.0037307106,.00068073522,.010174665,.016287187,.020275885
70,001,70001,.18771696,.043792561,.094507694,.011144545,.044945646,.040192232,.051416546
70,110,70110,.38117024,.10751264,.26986995,.069851607,.044238187,.022032266,.10269684
70,124,70124,.40186915,.19076416,.3026388,.18059002,.030319735,.032985158,.10335349
70,204,70204,.63736904,.12951106,.59924328,.020104894,.031168075,.012514552,.10913853
70,215,70215,.18057294,.035750628,.08976344,.010895217,.033148736,.029430181,.062089074
70,221,70221,.2080079,.061987147,.10643777,.11886908,.068614215,.016411271,.033020265
70,230,70230,.63406938,.2509639,.5226078,.11091611,.10810811,.030143708,.20855241
70,233,70233,.48717356,.18719667,.16616593,.19588111,.064260766,.083429627,.22209384
70,235,70235,.28576234,.0905727,.16642839,.05513468,.075784341,.023631318,.084601797
70,265,70265,.34598348,.11075015,.18650325,.14235033,.036342148,.028795039,.089043118
70,400,70400,.41745454,.095090911,.31890908,.037272729,.035727307,.024,.11054546
70,418,70418,.23346411,.055378158,.11522672,.031900264,.038056903,.018155279,.091688715
70,429,70429,.38852495,.092983939,.25063398,.057409171,.023310022,.11031277,.054628063
70,473,70473,.24211699,.056713093,.13755435,.012272676,.066272452,.031754874,.069303624
70,508,70508,.28379801,.058214974,.12616166,.031008434,.044828493,.024986848,.12879187
70,523,70523,.44626865,.13326226,.2837953,.084615387,.080290414,.026439233,.13773987
70,670,70670,.38579351,.12448806,.28331912,.041698709,.090288155,.035708193,.093771331
70,678,70678,.29144022,.074048914,.14809783,.066053793,.031303164,.031759512,.10054348
70,702,70702,.22446607,.055353772,.10576783,.023282887,.027789902,.021647537,.11361325
70,708,70708,.34069747,.12524217,.21531101,.066973798,.075883903,.039685018,.11736766
70,713,70713,.37161806,.14201495,.18854617,.13396902,.04587156,.056058533,.13280345
70,717,70717,.2912733,.074213937,.17001888,.021948213,.045338809,.035382975,.10902224
70,742,70742,.28852224,.069907054,.15995909,.025379125,.064757824,.029350292,.10054699
70,771,70771,.39682275,.13628763,.32859531,.11675042,.020319059,.038127091,.07123746
70,820,70820,.2350475,.060540792,.13538982,.038374197,.040423483,.03353975,.058848418
70,823,70823,.27585673,.070863701,.12467049,.058161352,.067375332,.020623352,.089316174
73,001,73001,.057240155,.0041299858,.0069366712,.00199021,.013565896,.025289237,.014267418
73,024,73024,.13768962,.0075845974,.016519174,.0029691211,.043169722,.014002333,.069428235
73,026,73026,.10823909,.0058158319,.008400646,.0026212321,.034978751,.016155088,.052342489
73,030,73030,.16695386,.033314187,.060693089,.0051743961,.048093505,.028144745,.065671071
73,043,73043,.091049381,.0061728396,.0070477682,.017432647,0,.017746914,.055555556
73,055,73055,.15574783,.015698394,.049962435,.0022570533,.029949876,.047218788,.045488257
73,067,73067,.25472677,.069810927,.12299688,.050928824,.076216333,.031581134,.065655515
73,124,73124,.07239382,.0072930073,.0050657471,.0029230269,.021527477,.027134277,.023273272
73,148,73148,.070728473,.0046357615,.0074458183,.0010665244,.022796961,.019470198,.024768213
73,152,73152,.080910243,.0044247787,.0075853351,.0044416245,.017743981,.028445005,.027180783
73,168,73168,.16524298,.029035963,.067396797,.0070357681,.040558413,.03319934,.053944439
73,200,73200,.11473184,.0088255266,.023761032,.014256619,.021045486,.013577732,.050916497
73,217,73217,.28829581,.087016955,.076730609,.048481472,.088702932,.13566861,.050041702
73,226,73226,.20543374,.015729265,.038608197,.0081770085,.036754176,.089609154,.048617732
73,236,73236,.13579842,.018324608,.037779238,.0082453825,.017769003,.054319371,.03763089
73,268,73268,.10086276,.011456661,.017927114,.0016506359,.02357108,.050642055,.021167737
73,270,73270,.096529968,.013249211,.030283911,.0038363172,.017777778,.015141956,.042902209
73,275,73275,.081067555,.0096330279,.014276769,.0045798318,.021268578,.030567139,.021142619
73,283,73283,.10705958,.01599741,.0094142258,.01731034,.032110091,.032124352,.03607513
73,319,73319,.14330275,.02764526,.03191752,.0091100642,.070514008,.031865444,.032110091
73,347,73347,.055933088,.0062728697,.0026232949,.0078905839,.0036726128,.015682174,.032409828
73,349,73349,.11791363,.018432176,.030426515,.0046634967,.03276594,.037561551,.037212949
73,352,73352,.089781456,.0097460132,.016002415,.012777609,.025695285,.0097460132,.038984053
73,408,73408,.13240211,.021695519,.042693432,.0023290759,.038559642,.040864848,.033360578
73,411,73411,.095274359,.014468085,.025830258,.0041683842,.013282212,.033818588,.034848824
73,443,73443,.1007831,.0139501,.01995614,.024517937,.021441422,.029029321,.022327445
73,449,73449,.10803581,.017191568,.028447654,.0014622624,.026020557,.057495452,.013589186
73,461,73461,.12554653,.008744535,.0051282053,.0019243105,.03399615,.033104308,.061836351
73,483,73483,.22378337,.059777748,.090513378,.018207463,.1092286,.029505683,.054796271
73,504,73504,.19092765,.040110853,.066102438,.0062213005,.098894618,.037485413,.030046675
73,520,73520,.11419858,.010166045,.016046433,.0085910652,.037214067,.034564555,.034903422
73,547,73547,.089968979,.0082730092,.027921407,.0052137645,.01399689,.016028956,.035160288
73,555,73555,.23433979,.076160431,.1150656,.055488173,.0603396,.067447796,.044464473
73,563,73563,.12607296,.012607296,.038626611,.0021604104,.042953022,.016630901,.038358368
73,585,73585,.12683307,.017784711,.027037742,.0041497089,.054646544,.023088923,.039313573
73,616,73616,.14866339,.027277688,.038419321,.012434375,.030578513,.039825425,.056192037
73,622,73622,.098135963,.018092105,.026504694,.0089535536,.032079645,.028508771,.020833334
73,624,73624,.16933638,.033131033,.07471893,.0055231974,.047052946,.03880211,.042383842
73,671,73671,.16660775,.017320609,.015473659,.014454977,.077642322,.040532578,.037940379
73,675,73675,.22242904,.053745929,.10441107,.0028188864,.084331691,.044904608,.054676592
73,678,73678,.15229408,.022111664,.027363185,.0047013275,.050650429,.038142622,.057213929
73,686,73686,.10080863,.0075471699,.0043549263,.0021786492,.025081789,.022102427,.054986522
73,770,73770,.15601882,.039677203,.080026902,.0067476383,.035690237,.017484868,.059179556
73,854,73854,.16756229,.021006351,.06643869,.0029325513,.034701858,.028334148,.059599414
73,861,73861,.21808822,.028782029,.028742375,.0042263442,.044590473,.13665614,.044343043
73,870,73870,.10013219,.018836748,.00198939,.028046744,.025555924,.019828156,.05023133
73,873,73873,.11892178,.015327696,.062366739,.001618123,.021528525,.019556025,.033298098
76,001,76001,.054646716,.003605054,.0034362301,.0014436273,.0094130067,.033640623,.010762394
76,020,76020,.13308184,.019805092,.029131301,.013022474,.019712698,.034161165,.059834432
76,036,76036,.060904551,.0049944506,.0038191793,.0047294479,.01015299,.023584906,.023654273
76,041,76041,.12723438,.016670015,.0059350166,.0070564514,.030415954,.052118901,.053625226
76,054,76054,.15017328,.0077011939,0,.063805103,.01194605,.02464382,.057758953
76,100,76100,.068728521,.0097805979,.0050545358,.006121906,.030351438,.021147238,.016124768
76,109,76109,.14866896,.019899178,.0053040702,.050863534,.019931981,.05732825,.038420539
76,111,76111,.044897031,.0018002334,.0018819693,.00035381055,.011029115,.020574097,.013264357
76,113,76113,.053125001,.0072048609,.010001739,.0046191388,.01289311,.013541667,.021267362
76,122,76122,.086137161,.0096984738,.0054804701,.012576859,.019536702,.024177238,.037506893
76,126,76126,.078172587,.0084910011,.012966565,.0030714818,.02384487,.024365483,.022611907
76,130,76130,.082697257,.012962378,.020019885,.0050337119,.018657399,.032112371,.022898695
76,147,76147,.064382344,.0050353943,.0041284445,.0012724656,.012297519,.026461687,.025875375
76,233,76233,.10082448,.0073507498,.01260252,.0063272072,.011719923,.054931957,.022846926
76,243,76243,.084831722,.0078377137,.00046533271,.0055996268,.031642623,.026279392,.029045643
76,246,76246,.071483769,.0073415763,.0050231838,.0038699689,.016634429,.019319938,.03400309
76,248,76248,.071985669,.001964296,.0012433135,.00063894055,.0082807345,.035386216,.028424518
76,250,76250,.094659723,.0034702141,.0077369441,.0035039906,.013969732,.021592442,.051474839
76,275,76275,.077749267,.002433798,.0022221634,.0011666137,.0093257381,.035448797,.032036189
76,306,76306,.040876083,.0011712345,0,.00011774403,.010813352,.015694542,.015460296
76,318,76318,.082568809,.0035946134,.0056643472,.00064945611,.012046891,.033531841,.034390256
76,364,76364,.063108228,.0053278287,.0035152857,.00094378984,.010231647,.039437726,.014961172
76,377,76377,.066064984,.0050541516,.018122507,.0054784515,.018867925,.014801444,.014079423
76,400,76400,.10801522,.007651078,.0097051598,.0017259092,.017624395,.062681563,.024998978
76,403,76403,.068306014,.0044709388,.0028606965,.0026332289,.012529758,.029185295,.026949827
76,497,76497,.13590188,.018582756,.022051536,.004473161,.019746646,.043235876,.06714569
76,520,76520,.053124025,.0021293461,.0022454609,.00062667939,.0052814637,.034461677,.012965821
76,563,76563,.11202058,.011693171,.013762423,.003373872,.023996659,.035729133,.0487995
76,606,76606,.091624245,.012609903,.0079990728,.0015111008,.035602458,.025104119,.037019897
76,616,76616,.07912989,.0034678436,.0041041831,.00047581285,.01501027,.023644388,.039407313
76,622,76622,.046194624,.002987084,.0030538237,.0032943995,.0086781802,.019184653,.015398208
76,670,76670,.054676261,.0014388489,.0037410073,.00028897557,.0095279338,.015395683,.027194245
76,736,76736,.10500053,.012685806,.0097225178,.0077159391,.028528688,.031345539,.045015287
76,823,76823,.14039497,.025374027,.01356217,.004336827,.02930579,.064153202,.058527827
76,828,76828,.10877015,.01091509,.0040831952,.026329309,.023627074,.025891611,.041756567
76,834,76834,.058868047,.0048997914,.0047083292,.0020444987,.010590768,.027628668,.01981722
76,845,76845,.048422921,.00088849402,.0031832652,.0013711152,.0077413479,.017325632,.019991115
76,863,76863,.087129317,.0051971874,.0048914705,.0061199511,.0064279153,.047386121,.027514521
76,869,76869,.060662009,.003428722,.004763165,.00067033112,.021826459,.014901754,.023605432
76,890,76890,.12227867,.0067731012,.0056886952,.002910502,.011994185,.088534109,.020924045
76,892,76892,.091028415,.0093180556,.019534994,.0013164917,.026583703,.037958067,.016460322
76,895,76895,.062401291,.0030578985,.004065997,.0016550699,.010849422,.018616216,.030881414
81,001,81001,.2844846,.08563938,.20137799,.025536908,.085196458,.050510716,.036250114
81,065,81065,.31180924,.09719909,.2354649,.053331286,.066846155,.049205147,.034216501
81,220,81220,.29715568,.075973056,.16055389,.029235382,.076433122,.035553891,.090194613
81,300,81300,.32466832,.10279366,.23538944,.046892039,.072361261,.057491101,.045841873
81,591,81591,.16400136,.030622661,.048027445,.010348396,.043808211,.055120789,.041170467
81,736,81736,.25298816,.065615237,.1690332,.0064521027,.074084371,.049818974,.033923522
81,794,81794,.22880006,.051742222,.13132426,.0086472398,.054791279,.06514392,.030687954
85,001,85001,.11275263,.021905582,.05442141,.0047632409,.034481715,.029074956,.015268664
85,010,85010,.12512287,.020765072,.048165139,.0041868482,.04329804,.02432831,.030676605
85,015,85015,.064031623,.0086956518,.005770816,.0080935247,.013464991,.018181818,.030039527
85,125,85125,.21323678,.062361699,.10117599,.01659156,.09589041,.035807684,.046268355
85,136,85136,.076158941,0,.010889292,.0036697248,.032846715,.0082781455,.024834437
85,139,85139,.14610521,.02915987,.040757217,.0023955838,.069209188,.038234096,.031504896
85,162,85162,.079934001,.00962508,.028390298,.0024107557,.016789667,.014758456,.029058576
85,225,85225,.16545556,.038569033,.072635137,.012965051,.077226609,.014533259,.032979317
85,230,85230,.16421616,.0385717,.079525568,.0019466615,.051935419,.029024251,.05232003
85,250,85250,.19070631,.037876911,.06240315,.0045376243,.10088934,.042709623,.026559273
85,263,85263,.24657951,.04819094,.079203404,.0058246474,.13700932,.048647005,.033292793
85,279,85279,.21276596,.060283687,.071698114,.1724138,.023166023,0,.04609929
85,300,85300,.13358302,.010611735,.015605493,.0075187972,.0387985,.033707865,.048689138
85,315,85315,.077012837,.0023337223,.021003501,.0082352944,.014035088,.0046674446,.031505249
85,325,85325,.098571926,.0069662137,.033574007,.0010861694,.027536232,.024730058,.021246953
85,400,85400,.18561336,.038535647,.069658406,.023553163,.096037611,.028259473,.017983301
85,410,85410,.10907028,.0073044463,.04088296,.00092579407,.022960639,.022977093,.029075952
85,430,85430,.18140154,.031638082,.062444378,.0025357995,.075193569,.037847426,.04006505
85,440,85440,.12017064,.01794913,.033451557,.0040855953,.041232113,.039520282,.022657759
86,001,86001,.090083487,.010125225,.0096940231,.0091466047,.047192235,.020899143,.015766019
86,219,86219,.090409286,.0097739771,.022025084,.0076522804,.051117234,.010079414,.0094685396
86,320,86320,.16207848,.026797276,.037692264,.057544179,.050344281,.027529133,.021167595
86,568,86568,.15166134,.023121716,.020689853,.037624959,.051182572,.047356702,.021180635
86,569,86569,.095009804,.0043582479,.010940919,.013809732,.029405311,.026149487,.020483766
86,571,86571,.20479152,.038700759,.053723771,.030954031,.068192326,.053213544,.046302695
86,573,86573,.22882153,.0639119,.1158604,.047719937,.077520944,.051204819,.034167923
86,749,86749,.077574901,.0046403711,.010527382,.0033516148,.027240505,.020175528,.023000101
86,755,86755,.081552811,.005717725,.012382966,.005148395,.043202415,.012037315,.014745711
86,757,86757,.11879471,.018209409,.012313104,.016299559,.060171921,.021461088,.030999349
86,760,86760,.18433315,.023005242,.033333335,.016086575,.11593778,.023005242,.020384392
86,865,86865,.14545995,.023648398,.036485482,.027800612,.052859165,.03428274,.01985573
86,885,86885,.1128253,.010752688,.014853033,.0037098429,.056588903,.027738819,.023531245
88,001,88001,.20885992,.018890515,.010148034,.14260794,.039452497,.034189172,.0033923108
88,564,88564,.13916786,.013868962,.0090865614,.1021093,0,.032520324,.0095648011
91,001,91001,.26073867,.063128494,.038759187,.095071912,.13555519,.064587213,.017877094
91,540,91540,.36153197,.093855217,.022306398,.29292074,.067034364,.08291246,.030723905
94,001,94001,.40981063,.21747905,.27116424,.16414528,.16826417,.10338404,.05883266
95,001,95001,.14357801,.026227776,.066741094,.0097004455,.040342595,.035293084,.028134719
95,015,95015,.29671898,.07608179,.23780794,.050920092,.035282258,.041607227,.047075607
95,025,95025,.10347003,.020189274,.054671969,.01841929,.013648469,.029022083,.017350158
95,200,95200,.15832904,.020113461,.033861671,.11316568,.021707671,.030943785,.033006705
97,001,97001,.26640308,.096388116,.19287756,.14508724,.084919281,.040820688,.01207523
97,161,97161,.14650145,.024781341,.030902348,.06840796,.051980197,.050291546,.036443148
97,666,97666,.27723971,.090799034,.078125,.39257813,.1171875,.035108957,0
99,001,99001,.3280057,.16189797,.21175778,.088949986,.16592725,.10181948,.065358542
99,524,99524,.36282361,.10821382,.28195706,.020756546,.09692397,.059042651,.053082511
99,624,99624,.27857748,.069856055,.14745541,.031752937,.094076656,.024555461,.079593562
99,773,99773,.3228907,.081879675,.2371134,.039244723,.1082379,.034887861,.019223923
